name,order,period,rade,tran_depth_ppm,tran_dur_hr,masse,masse_est,semi_au,st_mass,st_rad,st_teff,st_log_lum,Kmag,insol,t_eq,esm,disposition
55 Cnc e,0,0.73655,1.87500,384.67330,1.54390,7.99000,,0.01544,0.90500,0.94300,5172.00000,-0.19695,4.01500,2657.83220,1999.85602,83.80579,Confirmed
HD 219134 b,1,3.09293,1.60200,358.00000,0.94500,4.74000,,0.03876,0.81000,0.77800,4699.00000,-0.57741,3.26100,176.20000,1013.94756,37.62218,Confirmed
LHS 3844 b,2,0.46293,1.30300,4489.91190,0.52120,,2.25008,0.00622,0.15100,0.18900,3036.00000,-2.56543,9.14500,70.10000,805.94830,32.65684,Confirmed
HD 219134 c,6,6.76458,1.51100,318.00000,1.66000,4.36000,,0.06530,0.81000,0.77800,4699.00000,-0.57741,3.26100,62.10000,781.17941,18.40742,Confirmed
GJ 1252 b,7,0.51823,1.19300,831.89200,0.72400,1.32000,,0.00915,0.38100,0.39100,3458.00000,-1.70774,7.91500,233.00000,1088.71531,17.44649,Confirmed
GJ 9827 b,10,1.20897,1.44000,586.00000,1.25976,4.28000,,0.01890,0.60600,0.60200,4236.00000,-0.94152,7.19300,318.00000,1177.46763,15.43722,Confirmed
K2-141 b,11,0.28032,1.51000,507.00000,0.94000,4.97000,,0.00747,0.70800,0.68100,4570.00000,-0.75000,8.40100,3260.00000,2091.21929,18.19179,Confirmed
LTT 3780 b,14,0.76838,1.32500,1032.00000,0.78830,2.46000,,0.01195,0.38100,0.38000,3358.00000,-1.78252,8.20400,111.00000,912.52743,13.54085,Confirmed
HD 213885 b,16,1.00804,1.74500,200.00000,1.41000,8.83000,,0.02012,1.06800,1.10110,5978.00000,0.13862,6.41900,1882.94000,2125.20530,13.27879,Confirmed
L 168-9 b,18,1.40153,1.63000,593.75410,1.02000,4.07000,,0.02080,0.61400,0.60400,3842.00000,-1.14086,7.08200,149.37480,1000.72145,13.41788,Confirmed
HD 3167 b,19,0.95964,1.67000,294.00000,1.60900,4.97000,,0.01796,0.83700,0.88000,5261.00000,-0.27003,7.06600,1650.00000,1777.86677,12.85672,Confirmed
TOI-2290.01,20,0.38622,1.19888,437.63812,0.91224,,1.86186,0.00855,0.55969,0.56630,3863.00000,-1.19151,9.07200,879.43594,1515.69190,8.57019,Candidate
HD 158259 b,26,2.17800,1.28228,110.00000,2.09800,2.22000,,0.03374,1.08000,1.21000,5801.89000,0.21233,4.96500,759.18300,1712.31056,10.62325,Confirmed
TOI-1263.01,29,1.02146,1.45950,319.00000,1.25200,,2.72792,0.01888,0.86000,0.81823,5098.00000,-0.38996,7.10200,1143.42109,1618.49524,12.25833,Candidate
HR 858 c,31,5.97386,1.97900,208.70000,2.84300,,4.57456,0.06870,1.20400,1.25800,6354.00000,0.36361,5.14900,512.00000,1309.13372,10.56311,Confirmed
GJ 1132 b,33,1.62893,1.19151,2443.00000,0.76646,1.83705,,0.01570,0.19450,0.22110,3229.00000,-2.32148,8.32200,19.30000,583.76769,9.77820,Confirmed
TOI-1835.01,34,5.64196,1.82458,543.83885,3.08715,,3.98518,0.06010,0.91000,0.78248,5297.00000,-0.36224,6.49200,120.21139,921.60809,9.09017,Candidate
TOI-539.01,39,0.30961,1.55270,257.70647,1.02989,,3.03020,0.00831,0.80000,0.81312,4902.00000,-0.46350,9.22700,4975.26859,2337.56670,6.81839,Candidate
L 98-59 c,40,3.69068,1.38500,1657.00000,1.34600,2.22000,,0.03040,0.27300,0.30300,3415.00000,-1.94769,7.10100,12.80000,520.23622,7.38586,Confirmed
EPIC 212679181.01,41,1.05460,0.82400,658.00000,0.46080,,0.48558,0.02023,0.52987,0.30000,3445.00000,-1.44281,8.58800,133.95928,852.83390,5.98997,Candidate
EPIC 201264302.01,42,0.21220,0.51900,640.55682,,,0.09262,0.00213,,0.18800,3383.50000,-1.94521,10.35700,380.73762,1966.68992,12.46244,Candidate
TOI-540 b,44,1.23915,0.90300,2318.65940,0.48877,,0.67418,0.01223,0.15900,0.18950,3216.00000,-2.46092,8.90000,23.40000,610.40299,8.20605,Confirmed
LP 791-18 b,46,0.94800,1.21200,4200.52890,0.61950,,1.93594,0.00978,0.13900,0.18200,2960.00000,-2.63827,10.64400,24.14000,616.34369,7.66446,Confirmed
LTT 1445 A b,47,5.35876,1.18000,1665.00000,1.39200,2.73000,,0.02200,0.25700,0.26500,3340.00000,-2.04591,6.49600,5.40000,577.92441,14.31414,Confirmed
TOI-864.01,50,0.52067,1.00474,626.63551,0.57082,,0.98847,0.00925,0.38991,0.39861,3474.00000,-1.68089,9.21900,243.50238,1099.47582,7.30785,Candidate
TOI-1449.02,51,2.36918,1.61420,699.31134,1.68404,,3.23679,0.02920,0.59165,0.60438,5780.00000,-0.43497,8.71000,430.83491,1268.05357,7.23508,Candidate
GJ 357 b,55,3.93060,1.20000,955.00000,1.29100,1.84000,,0.03600,0.34200,0.33700,3505.00000,-1.79833,6.47500,12.60000,520.98609,5.51742,Confirmed
TOI-2079.01,56,1.49232,1.21248,550.00000,1.06300,,1.93866,0.01999,0.47851,0.48055,3577.00000,-1.46775,8.61000,85.23706,845.70128,4.62778,Candidate
HD 80653 b,60,0.71957,1.61300,159.64040,1.79760,5.72000,,0.01661,1.18000,1.22000,5959.00000,0.24000,8.01800,6130.00000,2479.56251,6.34937,Confirmed
K2-131 b,61,0.36930,1.69000,755.65360,1.00278,7.90000,,0.00936,0.80300,0.75950,5120.00000,-0.47906,10.05100,4070.00000,2183.51889,11.77173,Confirmed
TOI-494.01,62,1.70188,1.95823,570.00000,1.55100,,4.49336,0.02622,0.83000,0.79783,5006.52000,-0.44334,8.74100,524.18956,1331.77841,7.53920,Candidate
TOI-1730.02,63,2.15552,1.48435,742.00000,1.44500,,2.80722,0.02641,0.52900,0.53224,3691.00000,-1.32451,8.21200,67.90496,798.97881,6.28022,Candidate
TOI-1798.02,68,0.43781,1.46400,261.39360,1.21520,5.60000,,0.01079,0.87000,0.78000,5165.00000,-0.41567,9.23700,3345.44000,2109.36522,5.57365,Confirmed
HD 15337 b,70,4.75598,1.77000,344.00000,2.55360,6.51900,,0.05245,0.82900,0.85500,5131.00000,-0.32606,7.04400,161.73140,1007.33084,5.61570,Confirmed
TOI-1436.01,71,0.86759,1.43024,321.48409,1.38150,,2.63572,0.01674,0.83200,0.74524,5011.22000,-0.50094,9.71900,1125.50618,1612.11808,3.75454,Candidate
TOI-1238.02,72,0.76458,1.34243,380.00000,1.08000,,2.36690,0.01385,0.60667,0.62326,3853.00000,-1.11277,9.18400,401.93333,1246.23052,5.01734,Candidate
K2-85 b,73,0.68456,1.20000,400.00000,0.81840,,1.86811,0.01300,0.67831,0.68000,4427.00000,-0.81171,9.46600,479.00000,1529.89175,5.59697,Confirmed
TOI-1011.01,74,2.47050,1.44861,250.00000,2.19100,,2.69346,0.03504,0.94000,0.94134,5413.68000,-0.16385,7.10900,558.65379,1353.14883,6.56966,Candidate
L 98-59 b,77,2.25311,0.85000,666.00000,0.99200,0.40000,,0.02191,0.27300,0.30300,3415.00000,-1.94769,7.10100,24.70000,612.79638,5.04623,Confirmed
TOI-1235 b,80,3.44471,1.69000,645.00000,2.09400,6.69000,,0.03845,0.63000,0.61900,3997.00000,-1.05404,7.89300,60.30000,773.75186,5.27598,Confirmed
TOI-520.01,85,0.52361,1.48616,82.92594,2.30045,,2.81306,0.01505,1.66000,1.52949,7323.00000,0.78255,8.84500,26745.29452,3559.35843,2.86826,Candidate
K2-147 b,87,0.96194,1.47286,545.00000,0.90240,,2.77044,0.01575,0.56561,0.57315,3672.00000,-1.29243,9.99700,200.10000,1053.93081,3.79615,Confirmed
TOI-1435.01,88,0.68583,1.22125,200.00000,1.16900,,1.98942,0.01453,0.87000,0.82354,5142.00000,-0.36941,8.71400,2023.39137,1866.72288,4.53950,Candidate
K2-91 b,89,1.41955,1.10000,1565.00000,0.94500,,1.36760,0.01640,0.29200,0.28400,3622.00000,-1.84126,10.57100,46.00000,753.04851,3.94617,Confirmed
TOI-2211.01,90,3.09269,1.56100,349.19390,2.05860,,3.05776,0.04011,0.90000,0.83400,5253.00000,-0.32094,8.08800,296.13000,1155.31004,4.51910,Confirmed
EPIC 206298289.01,91,0.43483,0.96000,762.00000,0.89520,,0.83957,0.00523,,0.33300,3719.00000,-1.36566,11.39500,296.30128,1752.73226,6.80892,Candidate
CoRoT-7 b,92,0.85359,1.68135,350.00000,1.05900,4.07661,,0.01702,0.82000,0.83000,5275.00000,-0.28938,9.80600,1773.80162,1806.28444,4.42840,Confirmed
TOI-863.01,93,0.52513,1.43814,277.19208,1.04474,,2.66047,0.01274,1.00000,0.85030,5655.00000,-0.17643,8.92000,4105.27098,2227.89816,6.65006,Candidate
K2-291 b,94,2.22518,1.58900,284.00000,1.71900,6.49000,,0.03261,0.93400,0.89900,5520.00000,-0.16622,8.35300,633.00000,1400.64953,4.37053,Confirmed
Kepler-42 c,95,0.45329,0.73000,1560.00000,0.44450,,0.31457,0.00600,0.13000,0.17000,3068.00000,-2.62000,11.46500,82.12500,795.21443,3.71897,Confirmed
GJ 9827 c,96,3.64810,1.13000,361.00000,1.82640,1.86000,,0.03950,0.60600,0.60200,4236.00000,-0.94152,7.19300,73.00000,814.48170,4.30293,Confirmed
TOI-1748.01,98,1.83186,1.52990,403.12197,1.42112,,2.95506,0.02714,0.79500,0.76823,4875.00000,-0.52243,9.15600,407.62050,1250.61572,4.05545,Candidate
Kepler-78 b,99,0.35501,1.20100,217.00000,0.81400,1.68000,,0.00901,0.77900,0.74750,5058.00000,-0.49785,9.58600,4070.00000,2201.58259,4.30047,Confirmed
TOI-1757.01,100,2.12569,1.67801,570.68588,1.46497,,3.45700,0.02863,0.69300,0.70716,4428.00000,-0.76144,9.60200,211.28027,1061.14471,3.82105,Candidate
EPIC 220674823 b,101,0.57131,1.67600,241.00000,1.54000,7.80000,,0.01314,0.91300,0.99000,5578.00000,-0.11919,10.34400,4656.00000,2267.06878,3.12732,Confirmed
TRAPPIST-1 b,103,1.51083,1.11600,7378.00000,0.60100,1.37400,,0.01154,0.08980,0.11920,2566.00000,-3.25727,10.29600,4.15300,397.31913,3.85863,Confirmed
K2-137 b,104,0.17972,0.64000,409.35735,0.62880,,0.19629,0.00580,0.46300,0.29000,3697.00000,-1.48388,10.88200,975.58253,1555.52101,3.84726,Confirmed
HD 21749 c,106,7.78993,0.89200,194.00000,2.51500,,0.64520,0.06950,0.73000,0.69500,4640.00000,-0.68620,5.37500,144.76500,711.24213,3.37876,Confirmed
TOI-1746.01,107,2.52533,1.47615,1258.57186,0.98983,,2.78096,0.02681,0.40324,0.41047,3340.00000,-1.72377,9.50100,26.27543,630.15492,3.53385,Candidate
K2-216 b,109,2.17480,1.75000,560.00000,1.84000,8.00000,,0.02800,0.70000,0.72000,4503.00000,-0.72125,9.72100,248.00000,1098.16693,3.72591,Confirmed
LHS 1140 c,110,3.77794,1.27200,2900.00000,1.13000,1.91000,,0.02700,0.18440,0.21590,3096.00000,-2.42022,8.82100,5.30000,420.55519,2.95283,Confirmed
WASP-47 e,111,0.78961,1.83000,258.00000,1.89900,9.00000,,0.01673,1.05800,1.15600,5565.00000,0.03167,10.19200,4895.00000,2191.43911,3.42869,Confirmed
EPIC 211357309.01,113,0.46395,0.53000,326.00000,0.98880,,0.09985,0.00376,0.48991,0.27200,3641.50000,-1.48554,9.88500,396.03858,1930.92199,6.96902,Candidate
K2-229 b,116,0.58422,1.00000,162.50000,1.50000,2.49000,,0.01310,0.87000,0.79000,5315.00000,-0.38869,9.05000,2381.04393,1944.24831,3.23177,Confirmed
K2-36 b,117,1.42261,1.43000,345.00000,1.12320,4.30000,,0.02288,0.79000,0.71800,4916.00000,-0.57000,9.45400,519.00000,1325.35392,3.33006,Confirmed
TOI-253.01,118,3.51041,1.32865,308.82860,2.00000,,2.32581,0.03875,0.63000,0.63937,4037.00000,-1.00956,7.33800,65.14055,790.72001,3.40063,Candidate
Kepler-10 b,119,0.83749,1.47000,191.90000,1.81100,3.26000,,0.01685,0.91000,1.06500,5708.00000,0.05467,9.49600,3820.00000,2212.72491,3.45829,Confirmed
TOI-2023.01,120,11.19005,1.66082,567.79899,2.97415,,3.39709,0.09164,0.82000,0.69599,4958.00000,-0.57887,7.10500,31.40008,658.85913,3.32940,Candidate
TOI-270 b,121,3.36015,1.20600,972.95890,1.38700,1.58000,,0.03197,0.38600,0.37800,3506.00000,-1.71220,8.25100,19.92610,580.94974,3.55717,Confirmed
K2-199 b,122,3.22540,1.73000,726.00000,2.01700,6.90000,,0.03820,0.71100,0.68200,4491.00000,-0.73283,9.62500,116.20000,933.94370,3.60558,Confirmed
K2-265 b,124,2.36902,1.70825,287.00000,2.30880,7.34184,,0.03359,0.91500,0.92000,5481.00000,-0.19682,9.25900,563.32625,1355.96936,2.77156,Confirmed
EPIC 211428897.01,125,1.61089,0.82000,696.00000,1.20480,,0.47719,0.01265,0.40228,0.29900,3511.00000,-1.63886,9.62400,58.27243,963.25283,5.04758,Candidate
TOI-801.01,126,0.77570,0.86202,38.70876,1.28156,,0.57080,0.01770,1.23000,1.35609,6283.39000,0.41205,6.74300,8240.80355,2651.87023,2.85626,Candidate
TOI-1846.01,127,3.93067,1.79020,1637.19843,1.43051,,3.85852,0.03604,0.40435,0.41145,3512.00000,-1.63445,9.59600,17.85987,572.17579,3.06292,Candidate
K2-233 b,128,2.46750,1.34300,300.72807,1.98800,,2.36860,0.03308,0.79000,0.71000,5033.00000,-0.52288,8.37500,273.00000,1132.54933,3.45286,Confirmed
L 98-59 d,130,7.45072,1.52100,1542.00000,0.84000,1.94000,,0.04860,0.27300,0.30300,3415.00000,-1.94769,7.10100,5.01000,411.45206,2.77384,Confirmed
TOI-2104.01,132,3.27231,1.47538,464.00000,1.81500,,2.77849,0.04004,0.80000,0.72376,4907.00000,-0.56286,8.65200,170.63366,1005.94922,3.80047,Candidate
Kepler-21 b,133,2.78582,1.63900,62.17000,3.48340,7.50000,,0.04340,1.40800,1.90200,6305.00000,0.71500,6.94500,2749.00000,2016.34579,2.81700,Confirmed
TOI-797.01,136,1.80079,1.19040,622.54821,1.18631,,1.81510,0.02255,0.47147,0.47370,3607.00000,-1.46571,9.55700,67.32137,797.25659,2.90598,Candidate
TOI-2278.01,139,1.46633,1.88725,920.00000,0.44700,,4.22034,0.01696,0.30271,0.32274,3412.00000,-1.89557,10.09500,44.21343,717.70906,2.75227,Candidate
EPIC 201606542.01,144,0.44437,1.22000,186.05040,,,1.98213,0.03165,,0.82000,5540.00000,-0.24364,10.19100,569.61891,1359.74033,1.16067,Candidate
EPIC 201650711.01,148,0.25967,0.77000,104.66992,,,0.38085,0.00995,,0.69000,4340.00000,-0.81765,9.30900,1537.93173,1742.98698,1.99504,Candidate
TOI-1080.01,150,3.96525,1.23051,3680.75444,1.01126,,2.04170,0.02711,0.16899,0.19999,3227.00000,-2.40810,10.17000,5.31811,422.66794,1.94588,Candidate
K2-122 b,151,2.21930,1.16000,432.00000,1.23600,,1.65436,0.03730,0.63000,0.59000,4009.00000,-1.10237,9.27500,79.90000,764.03449,1.80427,Confirmed
TOI-2077.01,153,6.11558,1.55415,322.00000,1.94100,,3.03502,0.06342,0.91000,0.84591,5284.00000,-0.29881,8.63100,124.93987,930.54020,2.05937,Candidate
K2-201 b,154,1.05979,1.40007,251.40000,1.74960,,2.54200,0.02004,0.95605,0.87816,5507.00000,-0.27594,10.19800,1318.96101,1677.32750,2.24384,Confirmed
Kepler-732 c,155,0.89304,1.27000,741.70000,1.10420,,2.15419,0.01430,0.49000,0.46000,3631.00000,-1.37500,11.72100,199.84600,1054.73136,2.37312,Confirmed
TOI-2262.01,156,1.49374,1.61951,160.00000,2.04400,,3.25490,0.02755,1.25000,1.27881,6328.00000,0.37338,9.67200,3113.05669,2079.01028,2.15198,Candidate
K2-35 b,160,2.39996,1.32000,404.00000,1.99200,,2.30015,0.03100,0.70197,0.61957,4402.71000,-0.80318,11.42300,211.00000,995.59804,1.03157,Confirmed
LHS 1815 b,163,3.81433,1.08800,457.79090,1.37940,1.58000,,0.04040,0.50200,0.50100,3643.00000,-1.38722,7.99300,26.37120,623.10925,2.22391,Confirmed
TOI-1621.01,164,6.45362,1.35386,200.00000,3.58200,,2.40121,0.07990,1.63400,1.01722,7257.00000,0.41255,9.11400,404.97878,1248.58452,1.28339,Candidate
K2-156 b,165,0.81314,1.10000,290.00000,1.30000,,1.36760,0.01490,0.66000,0.62000,4460.00000,-0.83803,10.39100,654.02969,1407.53513,2.27736,Confirmed
TOI-787.01,166,2.12632,1.53607,150.00000,2.17000,,2.97530,0.03654,1.44000,1.31556,6742.00000,0.50807,8.79400,2412.38007,1950.61388,2.55424,Candidate
EPIC 201239401.01,168,0.90565,1.57000,624.44326,,,3.08776,0.01109,,0.57600,3710.00000,-1.36987,11.73500,,1201.24823,2.49440,Candidate
TOI-2267.01,169,3.49504,1.27344,2004.42690,1.03113,,2.16411,0.02692,0.21305,0.24274,3022.00000,-2.35383,9.45900,6.10992,437.59146,1.85231,Candidate
Kepler-93 b,170,4.72674,1.47800,273.10000,2.88980,4.66000,,0.05343,0.91100,0.91900,5669.00000,-0.10565,8.37000,275.00000,1133.06491,2.73020,Confirmed
TOI-713.02,172,1.87152,1.06182,255.78913,1.02135,,1.20494,0.02601,0.67000,0.65107,4316.70000,-0.87744,8.88300,196.05386,1041.48670,2.36857,Candidate
K2-83 b,174,2.74697,1.24400,920.00000,1.66400,,2.07985,0.03014,0.48400,0.42400,3910.00000,-1.20362,10.76500,41.50000,801.83176,2.25257,Confirmed
TOI-2069.01,175,5.92142,1.04704,140.42859,2.46062,,1.14591,0.06185,0.90000,0.82313,5268.00000,-0.32779,6.78600,122.91385,926.74463,2.08915,Candidate
TOI-714.01,176,4.32393,1.50089,977.22249,1.57831,,2.86054,0.04041,0.47089,0.47314,3731.00000,-1.40802,9.46800,23.93190,615.60786,2.25110,Candidate
Kepler-808 b,177,0.63133,1.46000,434.50000,1.10760,,2.72950,0.01314,0.76000,0.71000,4653.00000,-0.68370,11.87900,1428.30000,1638.08787,2.10736,Confirmed
Kepler-994 b,178,1.15117,1.60000,605.90000,1.18810,,3.18859,0.01770,0.56000,0.54000,3934.00000,-1.13919,11.45300,243.98400,1085.86478,2.10044,Confirmed
TOI-2103.01,180,2.66207,1.21722,220.99942,1.72351,,1.96597,0.03490,0.80000,0.79972,4884.00000,-0.48433,8.92400,269.21692,1127.41931,2.02519,Candidate
EPIC 201111557.01,181,2.30183,1.12000,22680.00000,1.90080,,1.45884,0.03072,0.73000,0.76260,4616.52000,-0.62345,9.22000,252.16844,1109.13028,188.02950,Candidate
TOI-2104.02,183,5.90437,1.36668,351.00000,2.65300,,2.43996,0.05935,0.80000,0.72376,4907.00000,-0.56286,8.65200,77.67948,826.29753,1.84762,Candidate
K2-89 b,185,1.09603,0.61500,346.00000,0.89500,,0.17017,0.01462,0.34700,0.31800,3691.00000,-1.32653,10.10600,78.00000,1072.63927,2.35992,Confirmed
TOI-802.01,186,3.69392,0.65014,74.80719,1.72642,,0.20766,0.04498,0.89000,0.74982,5235.78000,-0.41947,6.27500,188.11007,1030.77266,1.78219,Candidate
Kepler-42 b,188,1.21377,0.78000,1821.00000,0.55320,,0.39888,0.01160,0.13000,0.17000,3068.00000,-2.62000,11.46500,22.38800,571.91421,1.71965,Confirmed
EPIC 203099398.01,189,1.83916,0.62000,151.50000,1.50720,,0.17518,0.01853,,0.48000,3930.00000,-1.14088,7.63700,,1060.30825,2.90501,Candidate
TOI-2269.02,192,2.84114,1.41770,530.00000,1.17400,,2.59660,0.03205,0.54389,0.54848,3872.00000,-1.21524,9.92800,59.32262,772.44036,1.76035,Candidate
K2-211 b,194,0.66956,1.33163,222.00000,1.29120,,2.33465,0.01419,0.88191,0.81573,5221.00000,-0.38569,11.10400,2043.36151,1871.31191,1.65214,Confirmed
K2-223 b,199,0.50557,0.89000,100.00000,0.90000,,0.64003,0.01270,1.06000,1.00000,5859.00000,-0.03543,9.83500,5714.29370,2419.91726,1.69830,Confirmed
K2-58 c,200,2.53726,1.62000,375.00000,1.99600,,3.25656,0.03500,0.89000,0.86000,5413.00000,-0.41226,10.21500,462.00000,1173.43991,1.81196,Confirmed
TOI-201.02,201,5.84924,1.18947,109.00000,3.25700,,1.81000,0.06952,1.31000,1.33031,6461.80000,0.44402,7.84600,575.20632,1363.06257,1.67974,Candidate
EPIC 201785059.01,202,1.39534,0.76000,619.22683,,,0.36342,0.01016,0.41901,0.28000,3411.50000,-1.78037,10.85400,67.48399,991.04460,2.81244,Candidate
K2-257 b,204,1.60588,0.83000,340.00000,1.30000,,0.49837,0.02160,0.52000,0.50000,3725.00000,-1.38099,9.66100,89.14613,855.23507,1.71834,Confirmed
K2-151 b,205,3.83548,1.49000,983.00000,1.54080,,2.82540,0.03730,0.47000,0.45000,3695.00000,-1.55284,10.11700,20.80000,589.51582,1.48903,Confirmed
TRAPPIST-1 c,207,2.42194,1.09700,7123.00000,0.70050,1.30800,,0.01580,0.08980,0.11920,2566.00000,-3.25727,10.29600,2.21400,339.55790,1.75399,Confirmed
EPIC 206312951.01,208,1.53402,1.13000,396.86586,,,1.50607,0.02090,0.51750,0.52003,3698.00000,-1.34139,11.32800,104.31600,889.50340,1.02892,Candidate
K2-316 b,209,1.13300,1.33000,957.00000,,,2.32981,0.01470,0.40800,0.37900,3436.00000,-1.82964,11.91100,68.50548,800.73942,1.62648,Confirmed
TOI-2287.01,211,11.81207,1.74813,189.02756,3.33242,,3.70583,0.10541,1.12000,1.20105,6037.00000,0.23710,7.72600,155.34814,982.62179,1.76440,Candidate
K2-187 b,212,0.77401,1.20000,237.00000,1.57920,,1.86811,0.01640,0.96700,0.83000,5438.00000,-0.20960,11.19600,2294.62808,1926.36223,1.68357,Confirmed
Kepler-1019 b,216,1.41123,1.46000,395.70000,1.39120,,2.72950,0.02210,0.70000,0.67000,4433.00000,-0.80636,11.00300,330.24900,1176.99262,1.70321,Confirmed
TOI-797.02,217,4.14001,1.32304,740.34540,1.03092,,2.30915,0.03927,0.47147,0.47370,3607.00000,-1.46571,9.55700,22.18725,604.06791,1.61419,Candidate
Kepler-446 b,223,1.56541,1.50000,2754.60000,0.64560,,2.85767,0.01820,0.22000,0.24000,3359.00000,-2.24766,12.82700,16.21300,565.72997,1.18938,Confirmed
EPIC 211428897.02,225,2.17801,0.67000,453.00000,1.27680,,0.23132,0.01655,0.40228,0.29900,3511.00000,-1.63886,9.62400,38.97747,842.34016,2.42488,Candidate
Kepler-617 b,226,1.68270,1.32000,703.80000,1.38000,,2.30015,0.02190,0.51000,0.48000,3712.00000,-1.30507,11.57300,100.29500,887.29967,1.61296,Confirmed
K2-165 b,229,2.35499,1.27444,211.27588,,,2.16698,0.03262,0.83485,0.80383,5185.00000,-0.36982,9.53600,401.09119,1245.57723,1.64434,Confirmed
EPIC 206192335.01,230,3.59922,1.63000,360.00000,1.89600,,3.29076,0.04628,,0.80900,5459.00000,-0.26276,10.25000,205.05023,1112.22885,1.52643,Candidate
TOI-873.01,231,5.93120,1.79798,1021.92538,2.03145,,3.88703,0.05150,0.51785,0.52040,3694.00000,-1.34264,9.95100,17.13236,566.25776,1.47109,Candidate
K2-138 b,232,2.35309,1.51000,257.31846,2.01000,3.10000,,0.03385,0.93500,0.86300,5356.30000,-0.28654,10.30500,486.00000,1282.76039,1.42733,Confirmed
K2-65 b,233,12.64750,1.58000,391.00000,3.43000,,3.12122,0.10140,0.87000,0.84000,5213.00000,-0.32800,8.34400,45.00000,723.67055,1.57872,Confirmed
K2-221 b,236,2.39909,1.67890,312.00000,2.50320,,3.46013,0.03520,1.01084,0.94760,5716.00000,-0.06367,10.85200,697.05187,1430.13209,1.51154,Confirmed
K2-165 c,237,4.38274,1.55409,314.17092,,,3.03482,0.04935,0.83485,0.80383,5185.00000,-0.36982,9.53600,175.21345,1012.63221,1.62538,Confirmed
Kepler-658 b,238,1.28708,1.63000,729.40000,1.50860,,3.29076,0.01880,0.63000,0.60000,4103.00000,-0.89922,12.62700,223.74500,1209.69519,1.72359,Confirmed
TOI-805.01,239,4.11776,1.27615,1948.14058,1.21268,,2.17192,0.03189,0.25524,0.28113,3366.00000,-2.03904,10.83800,8.98604,481.89446,1.20229,Candidate
K2-133 b,244,3.07133,1.34000,710.00000,1.22000,,2.35963,0.03194,0.46100,0.45500,3655.00000,-1.47886,10.27900,32.54394,664.77920,1.44643,Confirmed
Kepler-98 b,245,1.54168,1.99000,296.50000,1.98740,3.55000,,0.02614,0.99000,1.11000,5539.00000,-0.13324,11.25300,1107.38900,1594.39927,1.48888,Confirmed
Kepler-205 b,247,2.75564,1.51000,546.40000,1.94800,,2.89009,0.03200,0.59200,0.54600,4321.00000,-0.95618,10.83300,102.56200,897.30459,1.49183,Confirmed
K2-157 b,248,0.36526,1.00000,108.53587,,,0.97185,0.00979,0.93951,0.88000,5456.00000,-0.21020,10.98000,6424.63705,2491.85076,1.23269,Confirmed
EPIC 201923289.01,249,0.78202,1.58000,237.46363,,,3.12122,0.01622,,0.94000,5144.00000,-0.40485,11.87000,,1731.20654,1.11952,Candidate
Kepler-80 f,250,0.98679,1.21000,450.00000,1.18790,,1.92451,0.01750,0.73000,0.67800,4540.00000,-0.76955,12.25300,750.96400,1350.99379,1.36453,Confirmed
K2-130 b,251,2.49412,1.25000,304.00000,1.70400,,2.09691,0.03200,0.69563,0.74426,4356.47000,-0.79892,9.85800,136.40000,982.32430,1.57126,Confirmed
K2-189 b,253,2.58831,1.52000,300.00000,2.22000,,2.92266,0.03610,0.94000,0.87000,5519.00000,-0.23883,10.58900,442.74697,1276.72916,1.39702,Confirmed
Kepler-1228 b,254,0.57737,1.54000,400.40000,1.09630,,2.98825,0.01186,0.78000,0.74000,5063.00000,-0.55460,12.79900,1598.66400,1857.23788,1.40001,Confirmed
EPIC 220554210 c,255,0.70531,1.60000,262.00000,1.70400,,3.18859,0.01519,0.94000,1.00000,5499.00000,-0.21463,12.00200,2643.81873,1995.80358,1.33678,Confirmed
KOI-2480.01,256,0.66683,1.79613,511.60000,0.78470,,3.88024,0.01299,0.65799,0.67010,4213.79004,-0.88887,12.87500,765.16788,1463.85837,1.46934,Candidate
K2-155 b,257,6.34200,1.80000,680.00000,2.40960,,3.89445,0.05620,0.65000,0.58000,3919.00000,-1.05046,9.49600,19.90000,641.32286,1.63971,Confirmed
Kepler-908 b,258,1.34060,1.22000,109.80000,1.60850,,1.98213,0.02526,1.11000,1.12000,5973.00000,0.26406,9.99300,3304.10100,2038.72292,1.32346,Confirmed
K2-5 b,259,5.73594,1.91000,1496.00000,2.65400,,4.30707,0.05320,0.61000,0.57000,3930.00000,-1.08341,11.59500,24.10000,646.77252,1.40124,Confirmed
K2-187 c,260,2.87151,1.40000,390.00000,2.37600,,2.54180,0.03920,0.96700,0.83000,5438.00000,-0.20960,11.19600,401.63159,1245.99656,1.33605,Confirmed
Kepler-20 b,261,3.69610,1.77300,396.70000,2.46300,9.70000,,0.04565,0.92900,0.91640,5495.00000,-0.16451,10.87100,331.00000,1184.98264,1.41833,Confirmed
K2-209 b,263,2.08061,0.86850,124.93260,,,0.58633,0.02891,0.74479,0.71237,4720.00000,-0.58815,8.61300,308.81054,1166.76369,1.47209,Confirmed
EPIC 211731298.01,264,1.99042,1.80000,401.07836,,,3.89445,0.02529,0.88200,0.82400,5140.31000,-0.38862,11.22800,485.33245,1399.33191,1.78479,Candidate
K2-21 b,265,9.32504,1.84000,809.00000,2.37200,,4.04252,0.07600,0.67602,0.64678,4222.06000,-1.02561,9.41700,10.00000,559.43622,1.20953,Confirmed
EPIC 212303338.01,266,0.59562,0.58303,38.35681,,,0.14054,0.01894,,0.86306,5338.00000,-0.26371,7.91200,1519.64031,1737.78114,1.07718,Candidate
K2-226 b,267,3.27109,1.53899,252.00000,2.32320,,2.98494,0.04095,0.88598,0.91000,5424.00000,-0.27571,10.22300,316.06921,1173.56034,1.21047,Confirmed
EPIC 211383821.01,268,1.56699,1.34000,460.00000,2.11200,,2.35963,0.01402,0.69300,0.60300,4426.20000,-0.88216,11.50600,240.27070,1414.58134,2.20109,Candidate
Kepler-1203 b,269,0.58800,1.06000,297.40000,1.16270,,1.19757,0.01140,0.64000,0.61000,4105.00000,-0.85362,12.05900,723.80600,1594.78614,1.48359,Confirmed
K2-38 b,270,4.01593,1.65500,260.70000,2.74000,7.70000,,0.05030,1.05400,1.14100,5705.00000,0.03743,9.47000,490.00000,1268.04126,1.93009,Confirmed
KOI-2706.01,271,3.09757,1.73313,83.30000,4.58800,,3.65202,0.04697,1.44097,1.86379,6495.25998,0.75275,9.10900,2564.90404,1980.74085,1.31072,Candidate
KOI-1169.01,273,0.68921,1.39615,195.00000,1.61690,,2.52993,0.01544,1.03391,1.01082,5760.82411,0.01009,11.71500,4292.89563,2252.92877,1.28405,Candidate
K2-90 c,274,2.90071,1.30000,389.00000,1.30320,,2.24129,0.03500,0.70461,0.63475,4421.98000,-0.96847,10.36000,80.80000,851.93872,1.13851,Confirmed
K2-133 c,276,4.86784,1.60300,980.00000,1.62000,,3.19875,0.04341,0.46100,0.45500,3655.00000,-1.47886,10.27900,17.61816,570.22990,1.25757,Confirmed
KOI-4419.01,277,0.25982,1.31885,231.50000,0.65130,,2.29675,0.00652,0.54836,0.56932,3888.04850,-1.17363,12.27200,1575.97038,1753.66604,1.30634,Candidate
TOI-1706.02,279,7.40582,1.57214,382.00000,2.69800,,3.09489,0.07421,0.99400,0.96580,5617.00000,-0.07751,9.46800,151.91023,977.13964,1.71907,Candidate
Kepler-1107 b,281,0.57104,1.34000,262.60000,1.04200,,2.35963,0.01285,0.86000,0.82000,5268.00000,-0.41703,12.15200,2387.26100,1931.30478,1.25222,Confirmed
Kepler-523 b,282,5.83598,1.96000,546.80000,2.06010,,4.50024,0.06159,0.93000,0.86000,5515.00000,-0.27953,10.82700,149.13500,954.82169,1.27934,Confirmed
K2-37 b,284,4.44117,1.61000,358.00000,2.70600,,3.22250,0.05110,0.90000,0.85000,5413.00000,-0.46878,10.14200,213.30000,940.05752,1.13461,Confirmed
Kepler-407 b,285,0.66931,1.07000,132.40000,1.60150,,1.23856,0.01531,1.00000,1.01000,5476.00000,-0.03934,10.91100,4102.00800,2199.06103,1.29441,Confirmed
K2-233 c,286,7.06005,1.28100,273.60259,2.79600,,2.18596,0.06666,0.79000,0.71000,5033.00000,-0.52288,8.37500,67.10000,797.82423,1.45720,Confirmed
EPIC 210696763.01,290,3.65017,1.15000,1920.00000,1.27200,,1.60381,0.02270,0.30678,0.24900,3338.00000,-1.92421,11.71500,12.16359,610.28314,1.76838,Candidate
TOI-2142.01,291,9.30044,1.55503,1595.20886,2.35101,,3.03794,0.06101,0.35032,0.36397,3472.00000,-1.76086,8.78700,4.65876,408.90977,1.25785,Candidate
EPIC 249893012 b,293,3.59510,1.95000,109.29886,4.33000,8.75000,,0.04700,1.05000,1.71000,5430.00000,0.35568,9.71400,1037.00000,1575.54550,1.11933,Confirmed
Kepler-1446 b,294,0.68997,0.82000,121.30000,1.21350,,0.47719,0.01405,0.81000,0.75000,4865.00000,-0.65135,10.20400,1213.33300,1613.92822,1.17646,Confirmed
Kepler-1319 b,295,2.88676,1.34000,631.80000,0.88500,,2.35963,0.02960,0.56000,0.54000,3655.00000,-1.45739,10.72600,38.45200,699.14382,1.20482,Confirmed
Kepler-755 b,296,1.26909,1.76000,340.90000,1.57360,,3.74866,0.02156,0.82000,0.77000,5043.00000,-0.45664,11.87900,889.88800,1457.38904,1.23403,Confirmed
EPIC 212425103.01,297,0.94603,1.81000,425.00000,1.63200,,3.93125,0.01515,0.92000,0.82700,5336.00000,-0.32825,12.72000,1395.80583,1871.75162,1.46472,Candidate
K2-208 b,299,4.19097,1.67462,309.00000,1.94400,,3.44517,0.04878,0.92518,0.87200,5582.00000,-0.21389,10.74600,256.81856,1114.20853,1.01907,Confirmed
EPIC 212435047.01,300,1.11556,1.29000,196.90000,2.04000,,2.21210,0.01796,1.04000,0.98000,5806.00000,0.08775,10.90700,2691.44304,2184.68051,1.78285,Candidate
Kepler-1039 b,302,0.93488,1.46000,282.60000,1.41740,,2.72950,0.01714,0.79000,0.74000,4870.00000,-0.64925,11.75300,668.12800,1462.99206,1.13817,Confirmed
K2-223 c,304,4.56255,1.50000,200.00000,2.80000,,2.85767,0.05490,1.06000,1.00000,5859.00000,-0.03543,9.83500,305.79143,1163.90144,1.03216,Confirmed
TOI-214.02,305,9.69596,0.80680,122.00000,2.77200,,0.45022,0.08655,0.92000,0.79827,5346.17000,-0.32884,6.86200,62.60887,782.92261,1.15795,Candidate
Kepler-1124 b,307,2.85235,1.28000,1402.90000,0.70600,,2.18306,0.03050,0.35000,0.34000,3658.00000,-1.32347,12.82600,50.77700,743.94779,1.19821,Confirmed
K2-210 b,309,0.57023,0.86000,78.47937,,,0.56601,0.01305,0.91172,0.89000,5500.00000,-0.24869,9.91500,3312.25310,2111.49840,1.13801,Confirmed
K2-198 c,312,3.35961,1.42300,180.00000,1.42008,,2.61310,0.04074,0.79900,0.75700,5212.90000,-0.40084,9.22800,239.44075,1094.86203,1.25111,Confirmed
Kepler-1310 b,314,0.67934,1.44000,258.50000,1.17830,,2.66632,0.01452,0.91000,0.88000,5549.00000,-0.19177,12.43600,2830.91000,2068.39781,1.12690,Confirmed
Kepler-1317 b,317,0.56887,1.56000,378.40000,1.21520,,3.05444,0.01280,0.83000,0.79000,5144.00000,-0.41358,13.30900,2413.26100,1938.92001,1.09622,Confirmed
EPIC 212297394 b,318,2.28936,1.48000,535.00000,1.88000,,2.79328,0.03195,0.83000,0.80000,5171.00000,-0.50507,12.18600,306.22832,1164.31694,1.08499,Confirmed
Kepler-1350 c,319,1.76679,1.73000,1009.80000,1.33950,,3.64082,0.02220,0.55000,0.53000,3827.00000,-1.28340,13.12200,94.05400,892.34623,1.10489,Confirmed
Kepler-99 b,320,4.60358,1.48000,449.80000,2.34990,6.15000,,0.05071,0.79000,0.73000,4782.00000,-0.58545,10.75700,108.04200,882.36967,1.08100,Confirmed
Kepler-828 b,321,0.56786,1.51000,334.80000,0.98690,,2.89009,0.01228,0.81000,0.77000,5039.00000,-0.54299,12.99200,1835.15900,1837.44012,1.05952,Confirmed
K2-200 b,322,2.84988,1.36440,273.00000,1.34160,,2.43303,0.03741,0.86021,0.79174,5233.00000,-0.42880,10.37500,266.16357,1124.20893,1.17376,Confirmed
Kepler-48 b,324,4.77800,1.88000,473.00000,2.73610,3.94000,,0.05394,0.88000,0.89000,5194.00000,-0.28926,11.22100,173.12000,1014.58727,1.12851,Confirmed
K2-270 b,325,1.54307,1.38000,286.00000,1.64400,,2.48046,0.02470,0.85000,0.77000,4877.00000,-0.55826,11.36800,453.25864,1284.24062,1.09035,Confirmed
Kepler-842 b,328,1.21957,1.60000,494.90000,1.56720,,3.18859,0.02040,0.78000,0.73000,4848.00000,-0.61238,12.91300,588.95000,1369.77676,1.04760,Confirmed
Kepler-1650 b,329,1.53818,0.96000,841.00000,1.10270,,0.83957,0.01670,0.32600,0.33400,3410.00000,-1.87100,12.19900,54.56200,733.58703,1.01238,Confirmed
K2-268 b,332,2.15168,1.50000,398.00000,1.97000,,2.85767,0.03080,0.84000,0.78000,5106.00000,-0.47140,11.63900,356.03982,1209.02288,1.13286,Confirmed
EPIC 211796070.01,333,1.88993,1.29000,367.00000,1.65600,,2.21210,0.02196,0.70500,0.63800,4491.00000,-0.69076,11.46600,287.45452,1262.10470,1.43236,Candidate
K2-116 b,336,4.65541,0.69000,129.00000,1.89000,,0.25704,0.04800,0.69451,0.66940,4348.35000,-0.74639,7.87500,78.60000,826.68824,1.12704,Confirmed
EPIC 206317286 b,338,1.58252,0.96000,300.00000,1.75200,,0.83957,0.02372,0.71100,0.66900,4864.00000,-0.59336,11.63500,453.29572,1284.26688,1.01471,Confirmed
Kepler-1148 b,340,1.10446,1.69000,493.50000,1.05470,,3.49905,0.01880,0.81000,0.77000,5054.00000,-0.53105,13.20100,815.40700,1495.26598,1.01261,Confirmed
GJ 3473 b,343,1.19800,1.26400,1150.31770,0.95000,1.86000,,0.01589,0.36000,0.36400,3347.00000,-1.82391,8.82900,59.40000,772.71693,7.65566,Confirmed
TOI-2345.01,344,1.05262,1.42031,358.50761,1.52884,,2.60471,0.01823,0.73000,0.75857,4621.00000,-0.62636,8.84700,710.96456,1437.21541,5.69083,Candidate
Kepler-1651 b,345,9.87864,1.84000,1472.70000,1.89150,,4.04252,0.06920,0.52200,0.50300,3713.00000,-1.36800,9.80400,5.65000,481.40083,1.28360,Confirmed
TOI-723.01,346,1.41786,1.10359,204.00000,1.45200,,1.38368,0.02293,0.80000,0.75634,4907.96000,-0.52427,8.65500,568.78013,1359.23949,2.98202,Candidate
HD 136352 b,360,11.57797,1.66400,208.00000,3.93500,4.72000,,0.09640,0.87000,1.05800,5664.00000,0.01620,4.15900,111.60000,904.83910,9.02403,Confirmed
TOI-279.01,365,11.47078,1.85330,1575.00000,3.69800,,4.09224,0.08796,0.69000,0.72503,4413.00000,-0.74565,8.83100,23.21544,610.94780,3.85118,Candidate
TOI-776 b,369,8.24662,1.79800,909.00000,2.38200,5.00000,,0.06530,0.54200,0.54700,3725.00000,-1.30980,7.61500,11.50000,512.45211,2.71115,Confirmed
TOI-561 b,370,0.44657,1.39700,294.00000,1.30800,2.02000,,0.01064,0.80600,0.84300,5342.00000,-0.28233,8.39400,4709.00000,2293.54130,10.02266,Confirmed
HD 108236 b,372,3.79596,1.61500,285.00000,2.38400,,3.23951,0.04527,0.86900,0.87700,5660.00000,-0.14997,7.63700,312.18070,1199.94718,4.46836,Confirmed
TOI-451 b,373,1.85870,1.91000,396.00000,2.03760,,4.30707,0.02830,0.95000,0.87900,5550.00000,-0.18910,9.19000,695.18800,1483.85567,4.54919,Confirmed
TOI-178 b,380,1.91456,1.15200,263.00000,1.69200,1.50000,,0.02607,0.65000,0.65100,4316.00000,-0.87943,8.65600,194.21731,1039.03903,2.69116,Confirmed
TOI-178 c,381,3.23845,1.66900,551.00000,1.95000,4.77000,,0.03700,0.65000,0.65100,4316.00000,-0.87943,8.65600,97.61590,872.17075,3.84700,Confirmed
TOI-2495.01,383,7.79538,1.89393,2783.91292,1.69416,,4.24572,0.05357,0.33757,0.35291,3356.00000,-1.84669,9.82700,4.95910,415.34661,1.52014,Candidate
TOI-2520.01,384,2.09441,1.40280,320.00000,4.13300,,2.55042,0.03105,0.91000,0.77244,5298.00000,-0.37312,8.66100,439.42668,1274.32875,3.78804,Candidate
TOI-2522.01,385,2.09885,1.65997,350.00000,4.36500,,3.39415,0.03176,0.97000,0.96676,5531.00000,-0.10346,8.11400,781.33817,1471.53176,6.53279,Candidate
K2-111 b,386,5.35180,1.82000,118.40000,3.38000,5.58000,,0.05650,0.84000,1.25000,5775.00000,0.27875,9.37700,490.00000,1374.74818,1.04326,Confirmed
GJ 486 b,389,1.46712,1.28900,1387.10000,1.01580,2.77000,,0.01714,0.31200,0.32430,3317.00000,-1.93892,6.36200,39.20000,696.34501,22.14739,Confirmed
TOI-932.02,393,7.98565,1.71677,460.00000,2.72900,,3.59366,0.06942,0.70000,0.73407,4444.00000,-0.72273,9.04800,39.28662,696.82070,1.47243,Candidate
TOI-512.02,394,20.27494,1.74928,410.00000,5.78800,,3.70998,0.14153,0.92000,0.88267,5336.00000,-0.24484,7.79700,28.41026,642.58220,1.48958,Candidate
TOI-2590.01,396,0.74606,1.78500,240.00000,1.75400,,3.83952,0.01698,1.17300,1.13493,6162.00000,0.22352,8.67500,5804.20811,2429.38095,6.59207,Candidate
LHS 1478 b,397,1.94954,1.24200,2089.24440,0.70500,2.33000,,0.01848,0.23600,0.24600,3381.00000,-2.14569,8.76700,23.37220,595.36924,6.81799,Confirmed
TOI-1444 b,402,0.47027,1.41792,214.19220,1.28280,3.58000,,0.01160,0.95130,0.91050,5460.00000,-0.17587,9.06100,5028.50960,2335.41133,5.36971,Confirmed
TOI-2731.01,404,0.99539,1.34940,280.00000,2.23800,,2.38779,0.01960,1.01400,0.83763,5697.00000,-0.17661,8.85700,1733.09669,1795.83147,4.96121,Candidate
TOI-2808.01,405,9.44538,1.78848,863.00000,2.65900,,3.85223,0.08084,0.79000,0.66484,4853.00000,-0.65583,8.42500,33.79941,671.09987,2.97868,Candidate
TOI-214.01,407,18.55370,1.57265,448.00000,3.43800,,3.09660,0.13340,0.92000,0.79827,5346.17000,-0.32884,6.86200,26.35418,630.62658,2.36420,Candidate
TOI-799.01,408,5.54517,1.94480,439.01857,2.22934,,4.44117,0.06131,1.00000,0.91552,5624.00000,-0.12179,9.54100,200.96095,1047.94333,2.20911,Candidate
TOI-1207.01,409,2.62826,0.98170,75.28580,2.09306,,0.90961,0.03848,1.10000,1.10743,5992.00000,0.15361,8.26300,962.16312,1550.14404,1.30368,Candidate
TOI-727.01,410,4.72444,1.96457,1480.00000,0.99900,,4.51808,0.04360,0.49529,0.49720,3653.00000,-1.40164,8.82700,20.86626,594.86857,4.23826,Candidate
TOI-213.02,411,7.75655,1.13600,286.25586,2.43410,,1.53492,0.06873,0.72000,0.67206,4566.40000,-0.75219,8.11900,37.45266,688.54217,1.31561,Candidate
TOI-797.03,416,2.73094,1.01823,456.18938,1.11183,,1.03688,0.02976,0.47147,0.47370,3607.00000,-1.46571,9.55700,38.63856,693.92912,1.48529,Candidate
TOI-2467.01,419,1.75566,1.77385,444.08795,1.34910,,3.79887,0.02644,0.80000,0.80874,4909.00000,-0.46571,8.90700,489.50645,1309.18036,5.40294,Candidate
TOI-1685 b,420,0.66914,1.46800,1254.37120,0.91800,3.03000,,0.01138,0.45400,0.45550,3575.00000,-1.51542,8.75800,236.00000,1090.52028,17.14586,Confirmed
TOI-1634 b,421,0.98935,1.77300,1323.00000,1.02700,7.57000,,0.01545,0.45100,0.45000,3472.00000,-1.57840,8.60000,121.00000,902.60064,13.51081,Confirmed
TOI-4318.01,427,1.13438,1.75324,313.84589,1.44450,,3.72426,0.02136,1.01100,0.84684,5683.00000,-0.17139,9.17300,1476.44562,1725.29849,4.52670,Candidate
TOI-1807 b,428,0.54937,1.49682,370.00000,0.97721,2.44000,,0.01220,0.80480,0.74600,4914.00000,-0.53313,7.56800,1407.22000,1853.94763,14.87572,Confirmed
TOI-1749 b,430,2.38839,1.39000,569.85120,1.03241,,2.51105,0.02910,0.58000,0.55000,3985.00000,-1.15649,10.27000,83.83790,838.47648,1.90591,Confirmed
TOI-4311.02,432,0.99029,1.41565,278.90970,1.35674,,2.59024,0.01858,0.87200,0.85073,5159.00000,-0.33546,9.48800,1338.54432,1683.51918,3.75335,Candidate
TOI-4324.01,433,6.25095,1.13068,770.11956,1.18830,,1.50933,0.04837,0.38627,0.39540,3479.00000,-1.68542,7.49500,8.82080,479.66375,2.08595,Candidate
TOI-4350.01,436,4.87597,1.44506,154.83068,3.33727,,2.68224,0.05774,1.08000,1.14875,5937.00000,0.16941,8.06400,443.09873,1276.98267,2.11728,Candidate
TOI-4352.01,437,11.89186,1.69230,362.68995,4.78248,,3.50715,0.10023,0.95000,0.83455,5461.00000,-0.25331,8.23500,55.54708,759.84531,1.65388,Candidate
TOI-4360.01,439,3.07495,1.60500,1979.28414,1.21794,,3.20554,0.02727,0.28605,0.30825,3246.00000,-2.02211,10.20000,12.78194,526.27052,2.35558,Candidate
TOI-4363.01,440,2.11866,1.83255,664.81206,1.55855,,4.01478,0.02753,0.62000,0.69132,4002.00000,-0.95684,9.23200,145.74899,967.07748,4.92779,Candidate
TOI-119.02,443,10.69173,1.79736,535.00000,3.00200,,3.88475,0.09032,0.86000,0.81966,5130.00000,-0.37757,8.03200,51.38297,745.18598,2.74500,Candidate
TOI-431 b,444,0.49005,1.28000,291.04000,1.01233,3.07000,,0.01130,0.78000,0.73100,4850.00000,-0.56509,6.72300,2120.44750,1891.24658,18.08880,Confirmed
K2-344 b,450,3.35585,1.59000,1101.00000,1.76000,,3.15483,0.03505,0.51000,0.49000,4374.00000,-1.22508,9.66200,37.29660,734.44184,3.11727,Confirmed
K2-352 c,451,8.23489,1.92000,401.00000,3.59000,,4.34543,0.07927,0.98000,0.95000,5791.00000,-0.06326,9.69100,137.56233,953.20160,1.48896,Confirmed
K2-343 b,452,2.78717,1.65000,1470.00000,1.46000,,3.35961,0.03056,0.49000,0.46000,3804.00000,-1.43852,11.85500,39.01672,695.62083,1.56201,Confirmed
K2-352 b,453,3.66591,1.37000,174.79643,1.63000,,2.45002,0.04622,0.98000,0.95000,5791.00000,-0.06326,9.69100,404.70031,1248.36982,1.11578,Confirmed
TOI-4401.01,455,0.45026,1.70328,331.39746,1.18716,,3.54586,0.01122,0.92900,0.89872,5366.00000,-0.21946,9.94800,4793.99396,2315.97704,5.57052,Candidate
TOI-4402.01,456,3.69899,1.63996,198.94027,3.16809,,3.32496,0.04742,1.04000,1.15018,5811.00000,0.13323,8.92800,604.24708,1379.95053,2.15420,Candidate
TOI-4424.01,457,17.74247,1.98845,880.00000,3.08200,,4.61172,0.12410,0.81000,0.68540,4926.19000,-0.60337,8.46200,16.18363,558.25017,1.67905,Candidate
TOI-4443.01,459,1.84986,1.71933,195.41020,2.51828,,3.60276,0.02996,1.04913,1.01733,5834.00000,0.03349,7.01000,1194.21040,1639.23910,6.81583,Confirmed
K2-104 b,460,1.97420,1.79000,1749.00000,1.58400,,3.85778,0.02420,0.51000,0.48000,3712.00000,-1.43415,12.01400,62.10000,783.63657,2.43188,Confirmed
TOI-4527.01,466,0.39944,0.90866,330.81740,0.80288,,0.68945,0.00833,0.48390,0.48595,3702.00000,-1.39838,7.02000,571.50720,1363.26740,14.65376,Confirmed
TOI-4529.01,467,5.87958,1.87212,1352.76221,2.07782,,4.16306,0.05029,0.49085,0.49276,3611.00000,-1.42953,7.95400,14.70611,545.04751,4.43732,Candidate
TOI-4552.01,469,0.30115,1.28011,1457.69740,0.64048,,2.18339,0.00562,0.26093,0.28618,3264.00000,-2.07703,9.39500,265.27480,1123.26927,17.74981,Candidate
TOI-4556.01,470,3.79242,1.56026,3704.22836,1.23084,,3.05531,0.02725,0.18768,0.21855,3319.00000,-2.28216,10.72900,7.03282,453.25464,1.93715,Candidate
TOI-4566.01,473,2.08449,1.88111,609.00465,1.55416,,4.19703,0.02836,0.70000,0.71330,4443.39000,-0.74790,9.84600,222.24111,1074.64737,3.72301,Candidate
TOI-4567.01,474,0.84094,1.67321,549.34659,1.17805,,3.44023,0.01466,0.59497,0.60850,3830.00000,-1.14399,9.81900,333.76785,1189.65492,4.99889,Candidate
TOI-4580.01,476,0.91680,0.61159,39.03836,1.35782,,0.16681,0.01835,0.98000,0.97303,5578.00000,-0.08314,7.57100,2453.56006,1958.88550,1.46527,Candidate
EPIC 201595106 b,478,0.87724,1.56500,250.00000,1.00080,7.67000,,0.01770,0.95800,0.98000,5679.00000,-0.04915,10.21800,2852.00000,2033.69465,2.87197,Confirmed
EPIC 228836835 b,479,0.72811,1.10000,680.00000,0.79920,,1.36760,0.01184,0.41818,0.32000,3782.00000,-1.61153,12.02000,174.34805,1011.37952,1.64958,Confirmed
EPIC 206024342 c,480,0.91172,1.40000,179.00000,1.41600,,2.54180,0.01795,0.92800,1.10000,5724.00000,-0.16992,11.48700,2099.02269,1883.92739,1.01172,Confirmed
EPIC 206042996 c,481,0.35488,1.20000,553.00000,1.07000,,1.86811,0.00811,0.56500,0.50000,4114.00000,-0.97996,13.07100,1592.25556,1758.17893,2.01978,Confirmed
LHS 1678 b,482,0.86023,0.68500,719.53580,0.80100,,0.25042,0.01239,0.34500,0.32900,3490.00000,-1.83863,8.26400,94.30000,867.69426,7.78448,Confirmed
LHS 1678 c,483,3.69428,0.94100,832.82260,1.23000,,0.78152,0.03270,0.34500,0.32900,3490.00000,-1.83863,8.26400,13.50000,534.10729,2.31195,Confirmed
TOI-740.01,484,2.13123,1.99373,479.00000,3.00600,,4.63253,0.03346,1.10000,0.97490,5975.00000,0.03797,8.61400,974.96075,1555.27310,7.11908,Candidate
EPIC 202071401.01,489,3.23792,1.44852,431.00000,1.44480,,2.69316,0.03816,0.70700,0.63967,4500.00000,-0.82055,10.10700,103.81717,888.43811,1.52872,Candidate
EPIC 211336288.01,490,0.22181,1.13000,313.16754,,,1.50607,0.00597,0.57602,0.58541,3942.00000,-1.12752,11.65700,2094.11937,1882.82622,2.57468,Candidate
EPIC 201717274.01,491,3.52725,1.21000,1990.00000,1.68000,,1.92451,0.01697,0.33535,0.25700,3624.00000,-1.82218,12.15300,15.17441,748.43803,2.38197,Candidate
EPIC 204888276.01,492,16.56127,0.95700,1090.00000,4.36800,,0.83020,0.02256,,0.25800,3669.00000,-1.42463,9.25100,,816.14028,6.06823,Candidate
EPIC 211305568.02,495,0.19785,0.72000,197.32899,,,0.29940,0.00516,0.46754,0.46990,3677.00000,-1.43932,10.60800,1367.12698,1692.43537,2.43140,Candidate
EPIC 211817229.01,496,2.17695,1.25000,4800.00000,0.54000,,2.09691,0.02114,0.14116,0.16900,3176.00000,-2.57253,11.69900,9.13391,435.37109,1.44883,Candidate
TOI-4642.01,498,3.60224,1.16719,2229.98569,1.03255,,1.69139,0.02744,0.21235,0.24209,3266.00000,-2.22128,9.51700,7.98066,467.81015,2.35282,Candidate
TOI-4643.01,499,5.02566,1.46558,650.14157,1.88858,,2.74722,0.04604,0.51558,0.51802,3782.00000,-1.30572,8.55000,23.33136,611.70901,2.20370,Candidate
TOI-4644.01,500,0.31819,1.78431,480.00000,0.76200,,3.83698,0.00794,0.66000,0.75085,4242.23000,-0.78382,9.28700,2608.35402,1989.07662,11.65270,Candidate
HD 137496 b,501,1.62116,1.31000,57.50000,3.28000,4.04000,,0.02732,1.04000,1.59000,5799.00000,0.36633,8.24400,3114.35855,2079.22760,1.65306,Confirmed
EPIC 228814754.01,505,0.84455,1.00500,3118.19217,0.58000,,0.98938,0.00893,0.13300,0.16500,3109.00000,-2.63985,11.86500,28.76508,644.57918,3.46370,Candidate
EPIC 247122439.01,506,0.73217,1.10800,150.87148,1.30000,,1.40359,0.01498,0.83600,0.82700,4641.00000,-0.54385,10.65400,1274.43848,1662.98985,1.32232,Candidate
EPIC 249901311.01,507,0.80186,1.43300,1117.49586,,,2.64435,0.01228,0.38400,0.39300,3594.00000,-1.63421,11.98800,154.01297,980.50362,2.75029,Candidate
GJ 367 b,513,0.32192,0.69900,212.00000,0.62900,0.63300,,0.00709,0.45500,0.45800,3522.00000,-1.53910,5.78000,579.00000,1362.89300,17.71700,Confirmed
TOI-5033.01,514,5.46954,1.39849,1600.00000,1.27400,,2.53715,0.04272,0.34768,0.36167,3465.00000,-1.76986,9.44700,9.30824,486.15720,1.86390,Candidate
TOI-5078.01,515,1.51102,1.48308,408.00000,1.23200,,2.80317,0.02320,0.73000,0.68447,4595.00000,-0.72545,8.13100,349.48329,1203.41795,6.57964,Candidate
TOI-5084.01,516,5.83213,1.15931,274.00000,2.03900,,1.65085,0.05683,0.72000,0.75245,4544.00000,-0.66260,5.95700,67.32807,797.27642,5.02231,Candidate
TOI-5088.02,517,13.41552,1.53332,550.00000,3.66500,,2.96628,0.11050,1.00000,0.86901,5638.66000,-0.16255,8.28100,56.33307,762.51911,2.38547,Candidate
TOI-5130.01,522,2.16678,1.77352,282.00000,4.41600,,3.79768,0.03483,1.20100,1.19580,6224.00000,0.28629,7.83400,1593.28661,1758.46349,6.98228,Candidate
TOI-4616.01,523,1.55382,1.26432,3449.95192,0.92394,,2.13785,0.01431,0.16188,0.19273,3244.00000,-2.43109,10.47000,18.10118,574.09873,4.84060,Candidate
LTT 1445 A c,524,3.12390,1.14700,1570.00000,0.48200,1.54000,,0.02661,0.25700,0.26500,3340.00000,-2.04591,6.49600,10.90000,525.48454,9.85592,Confirmed
TOI-5159.01,525,5.83651,1.61343,256.70448,2.69989,,3.23418,0.06125,0.90000,0.85408,5259.00000,-0.29869,7.46800,133.98705,946.94681,2.93141,Candidate
TOI-5166.01,526,1.77269,1.70798,390.00000,1.40900,,3.56249,0.02833,0.96500,0.88646,5502.00000,-0.18790,8.86300,808.51382,1484.16348,5.26407,Candidate
TOI-206 b,527,0.73631,1.30000,1322.54610,0.67369,,2.24129,0.01120,0.35000,0.35000,3383.00000,-1.83581,10.06000,117.75820,914.10980,7.33904,Confirmed
TOI-500 b,528,0.54818,1.16600,248.70000,0.99800,1.42000,,0.01189,0.74000,0.67800,4440.00000,-0.70002,7.71500,1138.00000,1705.94078,9.28034,Confirmed
TOI-833 b,529,1.04188,1.27000,465.38540,1.27377,,2.15419,0.01710,0.61000,0.60000,3920.00000,-1.11104,8.14600,270.06820,1122.79850,7.94290,Confirmed
TOI-1075 b,530,0.60473,1.79100,1027.68330,1.04038,9.95000,,0.01159,0.60400,0.58100,3875.00000,-1.14436,9.11500,509.20000,1337.91388,15.82775,Confirmed
TOI-1411 b,531,1.45205,1.19881,393.00000,1.50887,2.00000,,0.02122,0.60450,0.61400,4115.00000,-1.01323,7.25000,266.85000,1066.30069,8.59781,Confirmed
TOI-1442 b,532,0.40907,1.17000,1281.22950,0.61657,,1.70605,0.00710,0.29000,0.31000,3330.00000,-1.97722,10.08900,207.02420,1058.34120,9.79603,Confirmed
TOI-1693 b,533,1.76670,1.41000,830.50830,1.41967,,2.57270,0.02260,0.49000,0.46000,3499.00000,-1.55409,8.33100,57.02080,756.80355,6.22235,Confirmed
TOI-1860 b,534,1.06621,1.31000,151.00000,1.14200,,2.27064,0.02040,0.99000,0.94000,5752.00000,-0.09475,6.79200,876.70300,1845.25884,7.14208,Confirmed
TOI-2260 b,535,0.35247,1.62000,305.00000,0.57800,,3.25656,0.00970,0.99000,0.94000,5534.00000,-0.19851,8.68400,1844.98000,2520.84714,9.96439,Confirmed
TOI-2411 b,536,0.78269,1.68000,519.19120,1.26215,,3.46397,0.01440,0.65000,0.68000,4099.00000,-0.87076,8.53200,651.90820,1405.03982,10.62461,Confirmed
TOI-2427 b,537,1.30600,1.80000,560.00000,0.63400,,3.89445,0.02020,0.64000,0.65000,4072.00000,-0.94244,7.04800,62.71360,1138.34576,15.51917,Confirmed
TOI-2445 b,538,0.37113,1.25000,2322.62180,0.49182,,2.09691,0.00640,0.25000,0.27000,3333.00000,-2.08408,10.77900,204.48740,1048.21384,12.65731,Confirmed
GJ 3929 b,541,2.61624,1.09000,1120.60140,1.19000,1.75000,,0.02520,0.31300,0.32000,3384.00000,-1.96257,7.86900,17.30000,566.52243,4.72120,Confirmed
TOI-1746.02,542,3.87768,1.36581,1077.91055,1.02975,,2.43730,0.03569,0.40324,0.41047,3340.00000,-1.72377,9.50100,14.83241,546.21396,1.93319,Candidate
TOI-2104.03,543,15.18087,1.87839,689.00000,2.80800,,4.18676,0.11139,0.80000,0.72376,4907.00000,-0.56286,8.65200,22.05338,603.15466,1.54567,Candidate
TOI-2104.04,544,1.98031,1.17579,306.00000,1.66000,,1.73653,0.02865,0.80000,0.72376,4907.00000,-0.56286,8.65200,333.34353,1189.27663,3.50451,Candidate
TOI-2267.03,545,2.28910,0.91314,1384.62286,0.83440,,0.70171,0.02030,0.21305,0.24274,3022.00000,-2.35383,9.45900,10.74201,503.88476,2.19017,Candidate
TOI-2274.02,546,1.11880,1.44174,427.00000,1.11900,,2.67178,0.01791,0.61246,0.63072,3943.00000,-1.06232,8.34200,270.02515,1128.26452,6.67318,Candidate
TOI-521.01,548,1.54285,1.96530,2154.48558,1.19589,,4.52094,0.01947,0.41390,0.42003,3465.00000,-1.63994,10.08900,60.41710,775.97879,7.75232,Candidate
K2-383 b,550,1.86596,1.56400,383.00000,1.96320,,3.06775,0.03025,1.06100,0.80400,5129.00000,-0.39685,10.45600,438.11654,1273.37785,2.05919,Confirmed
K2-394 b,551,5.09572,1.69200,714.00000,1.77200,,3.50608,0.04531,0.47800,0.63100,4938.00000,-0.85841,9.56800,28.50680,797.71490,2.24553,Confirmed
K2-391 b,552,4.62265,1.37100,493.15188,2.70000,,2.45305,0.04950,0.75700,0.56600,5543.00000,0.39142,10.70500,1005.28190,1567.22678,3.09541,Confirmed
K2-396 b,553,0.67386,1.57900,247.58666,1.60000,,3.11787,0.01481,0.95400,0.92000,5236.00000,-0.23007,10.81100,2684.87102,2003.50640,2.33083,Confirmed
K2-376 b,554,5.77647,1.73600,191.86600,2.10000,,3.66228,0.06101,0.90800,1.14900,5937.00000,0.18908,9.00700,415.20178,1256.39060,1.64937,Confirmed
TOI-1208.01,557,3.42394,1.75815,443.63914,1.96010,,3.74196,0.04416,0.98000,0.82302,5547.00000,-0.23825,9.44900,296.26562,1154.72931,2.87269,Candidate
TOI-4405.02,559,1.09292,1.36000,377.43164,1.52585,,2.41972,0.01826,0.68000,0.68702,4361.00000,-0.81302,10.55200,461.29635,1289.89656,2.42157,Candidate
TOI-5388.01,560,2.59468,1.89426,1070.00000,0.31300,,4.24699,0.02434,0.28572,0.31000,3495.00000,-1.88047,8.31900,3.30230,604.39251,4.30475,Confirmed
TOI-5392.01,561,17.53133,1.67106,306.00000,4.33400,,3.43275,0.13029,0.96000,0.90145,5464.00000,-0.18538,7.04200,38.44194,693.04463,1.89399,Candidate
TOI-5395.01,562,6.58118,1.80928,267.00000,2.98200,,3.92860,0.07348,1.22200,1.17186,6269.00000,0.28124,8.93800,353.92344,1207.22219,2.06381,Candidate
TOI-5402.01,563,3.31740,1.44885,462.37836,3.02127,,2.69419,0.03828,0.68000,0.67784,4363.00000,-0.82391,10.58200,102.36199,885.30834,1.35796,Candidate
TOI-1756.01,565,2.78301,1.71046,916.26407,1.74063,,3.57128,0.03185,0.55645,0.56261,3756.00000,-1.24599,9.96300,55.95275,761.22886,2.99955,Candidate
K2-183 b,567,0.46929,1.10000,215.20000,1.54080,,1.36760,0.01159,0.94222,0.87000,5482.00000,-0.13772,11.02100,5424.79708,2388.66779,2.24785,Confirmed
TOI-233.02,575,7.20114,1.70560,1662.83983,2.14447,,3.55407,0.05235,0.36905,0.38027,3568.00000,-1.67542,9.09100,7.70510,463.71848,1.83863,Candidate
TOI-4643.02,577,10.73870,1.71689,803.35391,1.53176,,3.59410,0.07638,0.51558,0.51802,3782.00000,-1.30572,8.55000,8.47739,474.92540,1.15819,Candidate
TOI-5489.01,578,3.15221,1.46246,1039.76702,1.46378,,2.73730,0.03124,0.40938,0.41596,3547.00000,-1.60776,9.46300,25.28106,624.10648,2.66945,Candidate
TOI-5507.01,579,1.50682,0.97401,734.05121,0.86255,,0.88430,0.01799,0.34215,0.35688,3514.00000,-1.75706,8.56700,54.05509,754.69077,4.87095,Candidate
TOI-5519.01,580,5.85126,1.35620,1275.09933,1.84171,,2.40827,0.04485,0.35158,0.36505,3443.00000,-1.77285,9.43100,8.38677,473.65111,1.36899,Candidate
TOI-5525.01,581,2.75216,1.38208,1025.53912,0.96078,,2.48681,0.02860,0.41185,0.41818,3288.00000,-1.73485,9.33200,22.51902,606.31351,2.83039,Candidate
TOI-5530.01,582,0.47744,1.11803,423.15328,0.95252,,1.44967,0.00963,0.52263,0.52544,3888.00000,-1.24536,9.41000,612.93113,1384.88209,6.02275,Candidate
TOI-5531.01,583,4.53523,1.75362,195.40487,3.07335,,3.72562,0.05433,1.04000,1.10259,5788.42000,0.08977,7.66500,416.61181,1257.45593,3.21545,Candidate
TOI-5553.01,587,1.76172,1.55101,356.40298,1.92807,,3.02461,0.02604,0.75900,0.81434,4732.72000,-0.52325,9.23300,442.04222,1276.22080,3.72374,Candidate
WASP-132 c,590,1.01154,1.84100,640.68930,1.49100,6.26000,,0.01833,0.78900,0.75800,4686.00000,-0.57512,9.67400,791.00000,1476.38167,7.15405,Confirmed
HD 260655 b,594,2.76953,1.24000,712.00000,1.15000,2.14000,,0.02933,0.43900,0.43900,3803.00000,-1.43997,5.86200,42.20000,709.43294,12.61018,Confirmed
HD 260655 c,595,5.70588,1.53300,821.00000,0.98000,3.09000,,0.04749,0.43900,0.43900,3803.00000,-1.43997,5.86200,16.10000,557.52750,7.11701,Confirmed
TOI-5383.01,598,2.81150,1.40412,90.00000,3.35000,,2.55452,0.04413,1.45000,1.47473,6768.00000,0.61396,7.30600,2111.46557,1886.71316,2.87786,Candidate
TOI-1792.01,599,8.81649,1.28805,170.00000,3.89500,,2.20641,0.08268,0.97000,0.98915,5502.54000,-0.09253,7.52100,118.21853,917.76452,1.67516,Candidate
TOI-2079.02,600,9.31741,1.93620,1170.00000,1.58500,,4.40785,0.06778,0.47851,0.48055,3577.00000,-1.46775,8.61000,7.41400,459.27523,1.55041,Candidate
TOI-1659.02,606,3.39857,1.18102,171.00000,2.19700,,1.76433,0.04564,1.09800,1.00568,5977.00000,0.06555,8.70200,558.30941,1352.94025,1.91968,Candidate
TOI-5700.01,607,1.78128,1.84822,540.00000,2.26100,,4.07321,0.02796,0.91900,0.81678,5329.00000,-0.31451,9.21100,620.05160,1388.88676,5.75107,Candidate
HD 93963 A b,608,1.03761,1.46954,210.00000,1.81560,2.80000,,0.02061,1.08440,1.03110,5908.00000,0.06781,7.77600,2898.00000,2015.92041,6.99849,Confirmed
TOI-5707.01,613,2.03643,1.60834,268.00000,1.84700,,3.21685,0.03121,0.97800,0.93341,5553.00000,-0.12705,8.65700,766.21056,1464.35681,3.84502,Candidate
TOI-5709.01,614,3.38102,1.49789,797.26175,1.90125,,2.85087,0.03484,0.49368,0.49559,3600.00000,-1.42985,8.92000,30.61338,654.69301,2.96499,Candidate
TOI-5715.01,615,6.28230,1.30792,596.09907,2.00553,,2.26453,0.05284,0.49879,0.50074,3827.00000,-1.31465,9.38600,17.35292,568.07150,1.07498,Candidate
TOI-5730.01,617,1.92712,1.42616,898.68213,1.45304,,2.62296,0.02342,0.46155,0.46417,3572.00000,-1.50031,8.93300,57.60387,766.78357,5.13679,Candidate
TOI-5735.01,618,2.12082,0.83784,1148.87732,0.84278,,0.51546,0.01824,0.17989,0.21091,3222.00000,-2.36462,9.79800,12.98643,528.36295,1.68443,Candidate
TOI-5736.01,619,0.64899,1.61685,561.92980,1.05860,,3.24581,0.01217,0.57106,0.57954,3949.00000,-1.13320,10.00400,496.76805,1314.00885,5.43214,Candidate
TOI-5738.01,620,0.76813,1.30406,491.43502,0.99921,,2.25317,0.01355,0.56282,0.56991,3717.00000,-1.25292,10.03100,304.12271,1162.31032,4.03005,Candidate
TOI-5740.01,621,1.68944,1.38215,318.77568,1.33591,,2.48702,0.02486,0.71800,0.78825,4552.00000,-0.61917,10.34700,388.93279,1236.02859,1.97086,Candidate
TOI-5387.01,622,2.80375,1.27650,70.00000,2.77100,,2.17292,0.04680,1.74000,1.52397,7531.00000,0.82806,7.84000,3072.52156,2072.20927,1.78453,Candidate
LP 890-9 b,625,2.72990,1.32000,6238.00000,0.84570,,2.30015,0.01875,0.11800,0.15560,2850.00000,-2.84134,11.34400,4.09000,396.02650,1.71386,Confirmed
TOI-5788.01,630,16.21343,1.98530,530.00000,3.55100,,4.59933,0.12579,1.01000,0.85605,5664.00000,-0.16782,8.57700,42.94611,712.50979,1.67130,Candidate
TOI-5788.02,631,6.33461,1.52532,330.00000,3.34100,,2.94004,0.06722,1.01000,0.85605,5664.00000,-0.16782,8.57700,150.35925,974.63593,2.20436,Candidate
HD 23472 c,635,29.79749,1.87000,671.00000,2.94000,3.41000,,0.16460,0.67000,0.71000,4684.00000,-0.62525,7.20700,7.96000,478.66587,1.41666,Confirmed
HD 23472 f,636,12.16218,1.13700,317.00000,2.82000,0.77000,,0.09060,0.67000,0.71000,4684.00000,-0.62525,7.20700,26.30000,645.18354,1.78892,Confirmed
HD 23472 d,637,3.97664,0.75000,142.00000,1.99000,0.55000,,0.04298,0.67000,0.71000,4684.00000,-0.62525,7.20700,117.00000,936.72945,2.05314,Confirmed
HD 23472 e,638,7.90754,0.81800,217.00000,2.48000,0.72000,,0.06800,0.67000,0.71000,4684.00000,-0.62525,7.20700,46.70000,744.71984,1.81418,Confirmed
TOI-1468 b,646,1.88051,1.28000,1214.00670,1.19117,3.21000,,0.02079,0.33900,0.34400,3496.00000,-1.79724,8.49700,36.00000,685.99536,6.49738,Confirmed
HD 20329 b,648,0.92612,1.72000,221.00000,1.26000,7.42000,,0.01800,0.90000,1.13000,5596.00000,0.04922,7.11600,3474.00000,2134.16811,11.57432,Confirmed
TOI-2104.05,650,9.56111,1.67909,381.55676,3.01281,,3.46078,0.08184,0.80000,0.72376,4907.00000,-0.56286,8.65200,40.85011,703.65241,1.33368,Candidate
TOI-5949.01,651,1.88260,1.40864,337.00000,1.71200,,2.56850,0.02804,0.83000,0.77980,4996.00000,-0.46685,7.71900,434.04767,1270.41097,6.56712,Candidate
TOI-5955.01,652,0.59024,1.68029,518.72410,1.04505,,3.46499,0.01149,0.58062,0.59092,3844.00000,-1.16311,8.27400,520.45148,1329.39775,11.75309,Candidate
TOI-5961.01,653,1.61749,1.31341,342.18521,1.28093,,2.28067,0.02274,0.60000,0.70171,3900.68000,-0.98843,7.03400,198.51966,1044.74611,8.48326,Candidate
TOI-5974.01,654,1.72669,1.21270,1037.78158,0.90514,,1.93995,0.02002,0.35920,0.37168,3487.00000,-1.73515,8.55800,45.89743,724.44758,6.27875,Candidate
TOI-5978.01,656,0.73948,1.30977,153.53190,1.24737,,2.26998,0.01599,0.99800,0.97708,5632.00000,-0.06280,8.59600,3383.25324,2122.72388,4.00491,Candidate
TOI-5983.01,657,1.02719,1.37552,863.09120,0.98900,,2.46681,0.01457,0.39128,0.39982,3406.00000,-1.71259,10.40400,91.27169,860.28806,3.52666,Candidate
TOI-5985.01,658,2.41577,1.53564,242.49923,2.17008,,2.97390,0.03250,0.78500,0.77458,4837.00000,-0.52887,9.26700,280.06543,1138.60938,1.95737,Candidate
TOI-5991.01,659,7.08932,1.62791,127.61123,3.37954,,3.28360,0.07455,1.10000,1.24177,5983.00000,0.25045,7.91100,320.26120,1177.43234,1.59372,Candidate
TOI-5997.01,660,5.65502,1.58742,356.81369,1.78185,,3.14616,0.05619,0.74000,0.70477,4674.00000,-0.67046,7.67700,67.64919,798.22537,2.87006,Candidate
TOI-6000.01,661,0.44896,1.01526,674.82770,0.76375,,1.02607,0.00821,0.36589,0.37751,3419.00000,-1.75585,10.86600,260.47043,1118.14850,3.89153,Candidate
TOI-1136 b,664,4.17270,1.90000,323.81363,2.07000,3.50000,,0.05106,1.02200,0.96800,5770.00000,-0.02687,8.03400,360.55239,1212.83570,4.21825,Confirmed
TOI-6018.01,668,2.33225,1.90234,571.31389,1.44076,,4.27780,0.03222,0.82000,0.70895,4983.53000,-0.55393,8.97300,269.11977,1127.31757,4.99456,Candidate
TOI-6026.01,669,1.27578,1.28490,230.00000,1.31300,,2.19728,0.02063,0.72000,0.79113,4540.43000,-0.62042,7.40200,562.91420,1355.72133,6.55161,Candidate
EPIC 211754962.01,672,3.41065,1.65000,494.00000,1.94400,,3.35961,0.03684,0.64555,0.70100,3985.00000,-0.98499,11.01000,70.48253,822.55671,1.12239,Candidate
TOI-6058.01,674,2.36737,1.78189,550.00000,1.04500,,3.82816,0.03072,0.69000,0.70918,4403.00000,-0.76880,7.89500,180.46714,1020.13915,7.50390,Candidate
TOI-6061.01,675,8.13091,1.52252,313.00000,3.31300,,2.93090,0.07913,1.00000,0.97362,5639.00000,-0.06372,7.90800,137.89417,953.77591,2.72931,Candidate
K2-154 b,676,3.67626,1.99000,1100.00000,1.70000,,4.61781,0.04050,0.65000,0.63000,4097.00000,-1.01773,10.36800,57.50000,769.83893,2.75489,Confirmed
K2-68 b,678,8.05428,1.58000,668.00000,2.72000,,3.12122,0.07080,0.73000,0.67500,4746.00000,-0.67323,10.53000,41.00000,709.96305,1.04877,Confirmed
Kepler-917 b,679,2.97041,1.91000,530.70000,2.21610,,4.30707,0.03780,0.80000,0.76000,5418.00000,0.76372,14.00500,228.11000,2221.99961,1.28302,Confirmed
K2-81 b,681,6.10233,1.97000,1076.00000,2.15000,,4.53930,0.05900,0.74527,0.63466,4674.13000,-0.56890,11.31600,62.90000,825.86464,1.75954,Confirmed
K2-83 c,682,9.99767,1.48300,1462.00000,2.77000,,2.80290,0.07131,0.48400,0.42400,3910.00000,-1.20362,10.76500,7.42000,521.29032,1.02024,Confirmed
EPIC 206042996 b,684,5.29860,1.70000,1970.00000,3.14400,,3.53428,0.04917,0.56500,0.50000,4114.00000,-0.97996,13.07100,43.30917,714.01089,1.16229,Confirmed
K2-50 b,685,8.75290,1.59000,1337.00000,2.68000,,3.15483,0.07050,0.61100,0.54600,4326.00000,-0.87356,11.66400,18.80000,633.97965,1.01502,Confirmed
K2-88 b,686,4.61220,1.23000,2194.00000,1.03900,,2.04026,0.03450,0.25800,0.25600,3537.00000,-1.54478,11.24000,7.80000,615.82219,2.39631,Confirmed
K2-35 c,687,5.60835,1.93000,938.00000,1.79760,,4.38392,0.05500,0.70197,0.61957,4402.71000,-0.71881,11.42300,68.00000,784.65010,1.38626,Confirmed
K2-191 b,688,2.85865,1.57889,308.00000,2.23200,,3.11751,0.03807,0.90099,0.83970,5176.00000,-0.34502,11.07700,311.70124,1169.48461,1.04864,Confirmed
K2-49 b,689,2.77065,1.93000,2090.00000,2.30700,,4.38392,0.03090,0.51000,0.45000,4175.00000,-0.77386,12.72900,59.00000,1014.18139,3.24784,Confirmed
K2-126 b,690,7.38565,1.97000,882.00000,2.58720,,4.53930,0.06560,0.69000,0.65000,4339.00000,-0.87762,9.71200,35.30000,655.69664,1.80719,Confirmed
K2-86 b,691,8.77683,1.96000,865.00000,2.75000,,4.50024,0.07700,0.79000,0.76000,5482.00000,-0.38611,10.92700,78.00000,803.13216,1.30553,Confirmed
Kepler-1669 c,692,1.60932,1.90121,728.50000,1.56750,,4.27347,0.02280,0.60900,0.60300,4224.00000,-0.80265,13.20000,199.28000,1161.26130,1.17937,Confirmed
K2-349 b,693,9.03218,1.38000,1028.00000,3.25000,,2.48046,0.06912,0.54000,0.49000,4385.00000,-0.36582,12.20400,90.15320,857.64027,1.32091,Confirmed
Kepler-1855 b,694,0.72733,1.21620,397.60000,0.93320,,1.96012,0.01150,0.38500,0.35600,3460.00000,-1.29490,12.03200,86.97000,1231.64616,1.58885,Confirmed
K2-385 b,695,2.38087,1.53900,506.00000,1.92000,,2.98496,0.03402,0.92700,0.76100,4844.00000,-0.51852,12.23700,261.75820,1119.52798,1.00448,Confirmed
EPIC 206215704.01,696,3.11594,1.59000,1620.00000,0.98400,,3.15483,0.03448,,0.36700,4231.00000,-0.91371,12.76700,,885.88275,1.80964,Candidate
EPIC 212330265.01,698,4.17458,1.08000,1339.00000,1.96800,,1.28055,0.01966,0.53530,0.28000,3620.00000,-1.34720,11.65500,26.49212,913.99558,3.26352,Candidate
EPIC 210659688.01,701,2.35765,1.95000,4483.17138,,,4.46133,0.02396,,0.26700,3655.00000,-1.94073,12.69400,,588.29341,2.08828,Candidate
EPIC 201596733.01,702,2.89653,1.45000,3274.00000,1.59840,,2.69783,0.01418,0.52140,0.24200,3556.00000,-1.49877,10.76300,39.03149,986.33827,14.54389,Candidate
EPIC 210564155.01,703,4.86496,1.09000,1561.00000,1.27200,,1.32356,0.03119,0.27526,0.26100,3407.00000,-1.96503,10.99300,8.11452,508.47226,1.07289,Candidate
EPIC 210696763.02,704,5.76808,1.19000,2090.00000,1.80000,,1.81291,0.02571,0.30678,0.24900,3338.00000,-1.92421,11.71500,6.60938,573.43332,1.58582,Candidate
EPIC 214254518.01,705,5.05903,1.03802,232.75887,,,1.11092,0.04183,0.67000,0.62377,4455.00000,-0.85987,9.33800,78.90150,829.52829,1.01449,Candidate
EPIC 216892056.01,706,2.78601,1.90000,1720.07452,0.49920,,4.26886,0.03009,0.46848,0.42000,3528.00000,-1.50950,9.12900,34.16133,672.88921,6.44519,Candidate
EPIC 205152172.01,707,0.98029,1.81000,586.83316,,,3.93125,0.01911,0.66424,0.68500,4063.00000,-0.91841,10.52400,443.77702,1186.55581,3.56444,Candidate
EPIC 210696763.03,708,7.98471,1.19000,2020.00000,1.92000,,1.81291,0.03184,0.30678,0.24900,3338.00000,-1.92421,11.71500,4.28410,515.22041,1.07136,Candidate
EPIC 212141021.01,709,2.91825,1.65000,402.00000,2.20800,,3.35961,0.03212,0.82800,0.77600,4996.93000,-0.48442,11.24200,232.75536,1175.11594,1.33558,Candidate
EPIC 201546136.01,710,1.96712,1.73000,361.00000,2.71200,,3.64082,0.01690,,0.82600,5063.00000,-0.45469,11.95100,,1647.86712,1.54401,Candidate
Kepler-113 b,711,4.75400,1.82000,748.70000,2.50370,11.70000,,0.05123,0.75000,0.69000,4725.00000,-0.57598,11.25500,105.33300,882.67881,1.45276,Confirmed
Kepler-1646 b,712,4.48558,1.23000,2265.00000,0.82080,,2.04026,0.02950,0.24000,0.26000,3299.00000,-1.77984,12.02900,4.20000,581.68635,1.58051,Confirmed
Kepler-674 b,713,2.24338,1.69000,821.70000,1.02050,,3.49905,0.02800,0.60000,0.57000,4192.00000,-0.90665,12.39400,146.51100,987.00275,1.39970,Confirmed
Kepler-445 d,714,8.15275,1.25000,16536.00000,1.38600,,2.09691,0.04390,0.18000,0.21000,3157.00000,-2.09994,12.61000,4.31400,396.59078,2.22211,Confirmed
Kepler-198 d,715,1.31184,1.53000,262.80000,1.77290,,2.95538,0.02342,0.97000,0.93000,5636.00000,-0.10890,12.02700,1444.51600,1708.21068,1.01218,Confirmed
Kepler-638 b,716,6.07973,1.83000,289.80000,7.34310,,4.00529,0.06695,0.88000,0.93000,5382.00000,0.53162,11.68300,872.56700,1460.79606,1.06649,Confirmed
Kepler-1313 b,717,3.83309,1.76000,461.40000,1.37200,,3.74866,0.04619,0.92000,0.85000,5453.00000,-0.32480,10.08800,227.19800,1074.20185,1.96869,Confirmed
Kepler-445 b,718,2.98415,1.58000,2598.00000,1.03040,,3.12122,0.02170,0.18000,0.21000,3157.00000,-2.09994,12.61000,17.65700,564.08560,1.33308,Confirmed
TOI-6066.01,721,1.83310,1.87855,168.00000,2.74200,,4.18737,0.03160,1.25300,1.65430,6335.00000,0.59891,8.10200,3976.33223,2210.19476,5.08519,Candidate
TOI-6074.01,722,12.13245,1.56909,171.27643,1.57517,,3.08472,0.10536,1.06000,1.01593,5865.00000,0.04149,5.95400,99.11654,878.20601,2.91518,Candidate
TOI-1446.02,724,4.50574,1.71331,428.74565,1.88567,,3.58139,0.05112,0.87800,0.83031,5180.00000,-0.34951,9.49000,171.10543,1006.64381,2.24016,Candidate
TOI-6082.01,725,3.59417,1.30908,100.00000,1.88200,,2.26794,0.04553,0.97500,1.38695,5541.00000,0.21317,7.81000,787.93444,1474.62774,2.15010,Candidate
TOI-836 b,727,3.81673,1.70400,580.00000,1.80500,4.53000,,0.04220,0.67800,0.66500,4552.00000,-0.85276,6.80400,78.83800,829.30380,7.90312,Confirmed
TOI-1695 b,728,3.13428,1.90000,1236.00000,1.31100,6.36000,,0.03355,0.51300,0.51500,3690.00000,-1.35360,8.81800,39.00000,697.15053,5.56251,Confirmed
TOI-1757.02,734,5.00971,1.63166,560.41596,0.94571,,3.29645,0.05071,0.69300,0.70716,4428.00000,-0.76144,9.60200,67.36605,797.38883,1.97978,Candidate
TOI-1806.03,735,0.50190,1.84519,1536.56831,0.94704,,4.06188,0.00906,0.39326,0.40158,3272.00000,-1.77852,10.01600,203.07512,1050.68869,12.25157,Candidate
TOI-6095.01,736,2.16132,1.86115,529.00000,1.28900,,4.12172,0.03159,0.90000,0.79735,5260.00000,-0.35806,8.90100,439.47967,1274.36717,5.65552,Candidate
TOI-6099.01,737,5.28876,1.81504,598.00000,2.28400,,3.94984,0.05349,0.73000,0.75231,4610.00000,-0.63770,7.87400,80.48812,833.66740,4.96353,Candidate
TOI-2096 b,738,3.11906,1.24300,2660.00000,1.07200,,2.07701,0.02500,0.23100,0.23500,3300.00000,-2.22768,11.02100,9.40000,488.28105,1.62600,Confirmed
TOI-2096 c,739,6.38784,1.91400,6360.00000,1.35400,,4.32240,0.04000,0.23100,0.23500,3300.00000,-2.22768,11.02100,3.70000,386.02007,1.48307,Confirmed
K2-415 b,740,4.01797,1.01500,2808.91180,1.11956,,1.02512,0.02700,0.16350,0.19650,3173.00000,-2.45469,9.89900,4.82000,412.29256,1.54834,Confirmed
TOI-6245.01,742,3.21499,0.90443,1438.82974,0.70227,,0.67800,0.02519,0.20635,0.23646,3106.00000,-2.32900,9.43800,7.38719,458.85945,1.56245,Candidate
TOI-4413.01,744,4.47199,1.08860,170.00000,2.61900,,1.31747,0.05185,0.93000,0.89406,5364.00000,-0.22462,8.52500,221.73951,1074.04048,1.51882,Candidate
TOI-6258.01,746,0.55709,1.21515,995.21721,0.99170,,1.95402,0.00950,0.36892,0.38016,3392.00000,-1.76356,9.67100,190.85854,1034.51734,8.59229,Candidate
TOI-6263.01,750,3.01787,0.93254,193.00000,2.67900,,0.75662,0.03730,0.76000,0.71126,4717.00000,-0.64659,7.54500,162.20182,993.28484,2.68807,Candidate
TOI-6265.01,751,5.79357,1.50506,133.00000,3.39500,,2.87406,0.06854,1.28000,1.36801,6387.13000,0.44809,6.81000,597.23548,1375.92981,3.40346,Candidate
TOI-6266.01,752,2.78955,0.98648,262.00000,1.96900,,0.92556,0.03659,0.84000,0.74025,5039.00000,-0.49717,7.22700,237.70980,1092.87791,4.74911,Candidate
TOI-733 b,753,4.88476,1.99200,478.00000,2.61000,5.72000,,0.06180,0.95600,0.94900,5585.00000,-0.08619,7.84500,207.10000,1065.41337,5.47770,Confirmed
TOI-5391.01,758,13.64214,1.78132,413.00000,3.52200,,3.82609,0.11506,1.09200,1.02364,5961.00000,0.07627,9.38300,90.03196,857.35178,1.34474,Candidate
TOI-6282.01,759,12.47516,1.57023,236.00000,3.93700,,3.08852,0.10965,1.13000,1.09383,6055.00000,0.16105,8.36000,120.51871,922.19656,1.42740,Candidate
TOI-6284.01,760,3.44759,0.82645,320.00000,1.73100,,0.49077,0.03461,0.46527,0.46773,3548.00000,-1.50539,7.46000,26.07582,628.95470,2.11373,Candidate
TOI-6324.01,761,0.27922,1.04315,779.00000,0.40900,,1.13072,0.00542,0.27221,0.29613,3358.00000,-1.99802,8.69100,342.16666,1197.06932,14.29103,Candidate
Kepler-1814 c,763,0.62628,1.76000,433.10000,1.18120,,3.74866,0.01330,0.79000,0.82300,4922.00000,-0.50574,13.39300,2011.27000,1803.84434,1.13907,Confirmed
LP 791-18 d,765,2.75344,1.03200,2702.43502,0.91520,0.90000,,0.01992,0.13900,0.18200,2960.00000,-2.63827,10.64400,5.83000,431.86470,1.41026,Confirmed
TOI-2081.02,769,5.10972,1.39968,540.18144,1.63550,,2.54083,0.04648,0.51321,0.51555,3742.00000,-1.32835,9.52300,21.72909,600.92501,1.12314,Candidate
TOI-4590.01,770,25.92135,1.91197,589.31715,2.12084,,4.31462,0.16109,0.83000,0.78668,5011.00000,-0.45401,8.32400,13.54703,533.97501,1.01222,Candidate
TOI-1752.01,772,0.93519,1.80329,1150.28712,0.76946,,3.90655,0.01509,0.52409,0.52699,3652.00000,-1.35158,10.54500,195.46582,1040.70487,6.10854,Candidate
TOI-2291.01,773,9.40588,1.97760,1425.93302,1.55603,,4.56905,0.06797,0.47353,0.47570,3869.00000,-1.34024,10.00200,9.88806,493.55734,1.18005,Candidate
TOI-2194 b,774,15.33760,1.98920,683.00000,2.73600,,4.61466,0.10928,0.74000,0.69090,4756.00000,-0.68955,5.86900,14.25260,566.12377,4.69735,Confirmed
TOI-1416 b,777,1.06976,1.62000,455.00000,1.50000,3.48000,,0.01900,0.79800,0.79300,4884.00000,-0.46008,7.70800,883.00000,1549.39831,12.96058,Confirmed
TOI-6541.01,779,5.89915,1.10097,275.00000,4.81500,,1.37194,0.06259,0.94000,0.76042,5419.38000,-0.34740,7.68800,114.70401,910.86608,2.51214,Candidate
WASP-84 c,783,1.44688,1.95000,532.00000,1.11100,15.20000,,0.02359,0.85300,0.76800,5238.00000,-0.32500,8.85500,1452.18000,1502.95476,7.80599,Confirmed
TOI-3485.02,787,6.03792,1.50630,469.00000,2.29700,,2.87809,0.05816,0.72000,0.77421,4554.00000,-0.63401,8.03500,68.65978,801.18994,3.33262,Candidate
TOI-411 b,788,4.04030,1.36200,143.39440,3.07400,,2.42578,0.05727,1.09800,1.11700,6169.00000,0.20919,6.98100,495.13900,1311.87902,3.24299,Confirmed
TOI-1680 b,789,4.80263,1.46600,4070.00000,1.18600,,2.74857,0.03144,0.17980,0.21060,3225.00000,-2.36251,10.82100,4.41000,402.89429,1.29921,Confirmed
TOI-784 b,790,2.79704,1.93000,481.00000,2.18500,9.67000,,0.03800,0.91000,0.90700,5558.00000,-0.19034,7.64000,413.89400,1279.62607,8.67385,Confirmed
TOI-2267.02,797,2.03444,0.90111,1142.09943,0.95825,,0.66912,0.01877,0.21305,0.24274,3022.00000,-2.35383,9.45900,12.57130,524.08886,2.07401,Candidate
TOI-6599.01,798,2.20592,1.03692,2594.73836,0.93952,,1.10671,0.01841,0.17107,0.20210,3075.00000,-2.48281,9.24800,9.70679,491.27961,4.03185,Candidate
HIP 29442 c,800,3.53796,1.55100,210.52811,2.42900,4.50000,,0.04518,0.90100,0.98000,5289.00000,-0.15490,7.58700,451.00000,1197.73783,3.64755,Confirmed
HIP 29442 d,801,6.42957,1.53800,207.01373,3.08000,5.14000,,0.06730,0.90100,0.98000,5289.00000,-0.15490,7.58700,203.00000,981.35773,2.40124,Confirmed
TOI-244 b,804,7.39722,1.52000,1060.00000,1.70000,2.68000,,0.05590,0.42800,0.42600,3433.00000,-1.64264,7.97000,7.30000,457.29239,1.95626,Confirmed
LHS 475 b,805,2.02909,0.99100,1101.00000,0.72500,,0.94086,0.02037,0.26200,0.27890,3300.00000,-2.06449,7.68600,20.80000,594.21261,6.06571,Confirmed
HIP 113103 b,806,7.61030,1.82900,596.00000,2.13840,,4.00157,0.06899,0.76100,0.74200,4930.00000,-0.57629,7.55700,55.73625,760.49140,4.20632,Confirmed
EPIC 212294561.01,807,2.76294,1.95968,520.00000,2.75800,,4.49900,0.03904,1.04000,0.78787,5794.00000,-0.20049,11.53000,413.47176,1255.07980,1.43648,Candidate
TOI-6652.01,810,3.83888,1.94813,350.00000,2.39100,,4.45408,0.04846,1.03000,1.00969,5745.00000,0.00023,8.26100,426.10627,1264.55977,4.46205,Candidate
TOI-6662.01,811,0.29395,0.93729,746.42319,0.54224,,0.77051,0.00588,0.31326,0.33188,3359.00000,-1.89850,8.45300,365.85883,1217.27377,15.76463,Candidate
TOI-6708.01,812,4.22909,1.91520,2605.43084,1.89435,,4.32699,0.03428,0.30046,0.32078,3264.00000,-1.97788,10.39100,8.95470,481.47380,2.05050,Candidate
TOI-6709.01,813,2.34773,1.09035,182.94349,1.86243,,1.32510,0.03182,0.78000,0.67803,4799.00000,-0.65820,7.27600,216.93249,1068.17160,3.28406,Candidate
TOI-6710.01,814,2.06712,1.51399,394.23842,1.92632,,2.90307,0.03020,0.86000,0.75863,5099.00000,-0.45530,8.46300,384.29500,1232.32727,5.02975,Candidate
TOI-6713.01,815,2.15380,0.88145,137.93123,1.65410,,0.61826,0.03043,0.81000,0.75760,4944.24000,-0.51002,5.61400,333.80886,1189.69146,6.34590,Candidate
TOI-6716.01,816,4.71857,1.01024,1734.86739,1.14508,,1.00800,0.03198,0.19605,0.22665,3190.00000,-2.31942,9.19600,4.68502,409.48475,1.27445,Candidate
TOI-6717.01,817,0.47075,1.85291,5060.83353,0.50096,,4.09078,0.00680,0.18913,0.21997,3254.00000,-2.31090,11.54200,105.76093,892.56775,14.15451,Candidate
TOI-6729.02,819,3.86383,1.81231,109.00000,2.99200,,3.93978,0.05163,1.23000,1.86421,6289.70000,0.69021,8.36600,1838.08539,1822.43186,2.20681,Candidate
TOI-6813.01,820,2.35572,1.99452,740.00000,1.86600,,4.63562,0.03203,0.79000,0.72391,4851.00000,-0.58261,10.54600,254.83692,1112.05295,3.15289,Candidate
EPIC 212454160.01,822,0.87600,1.97310,146.00000,7.37208,,4.55143,0.01827,1.06000,1.49707,5849.00000,0.37350,11.25600,7080.72261,2553.16730,1.39133,Candidate
HD 110067 e,823,30.79309,1.94000,509.43604,4.86360,,4.42256,0.17850,0.79800,0.78800,5266.00000,-0.36224,6.49200,13.62961,534.78691,1.92674,Confirmed
GJ 806 b,824,0.92632,1.33100,952.00000,0.93000,1.90000,,0.01406,0.41300,0.41440,3600.00000,-1.58528,6.53300,130.00000,942.42591,26.45751,Confirmed
TOI-727.02,826,0.74997,1.07971,441.88666,1.05761,,1.27934,0.01278,0.49529,0.49720,3653.00000,-1.40164,8.82700,242.76505,1098.64256,5.77574,Candidate
TOI-6858.01,827,3.30248,1.72778,1241.00000,1.46500,,3.63289,0.03410,0.48498,0.48692,3634.00000,-1.42885,9.65700,32.03807,662.18060,3.35437,Candidate
HD 63433 d,828,4.20908,1.07300,115.10499,2.58500,,1.25105,0.05030,1.00100,0.91690,5688.00000,-0.11246,5.25800,305.07318,1163.21739,5.05635,Confirmed
TOI-218.01,831,0.43848,0.65060,486.47748,0.51929,,0.20819,0.00720,0.25908,0.28454,3249.00000,-2.09003,10.82600,156.74977,984.83076,2.35486,Candidate
TOI-6265.02,834,4.17933,1.20061,102.00000,3.01200,,1.87153,0.05513,1.28000,1.36801,6387.13000,0.44809,6.81000,923.13442,1534.17929,3.14698,Candidate
TOI-6880.01,835,14.91666,1.91414,659.00000,3.70900,,4.32294,0.11646,0.94700,0.80731,5434.00000,-0.29075,9.17600,37.74908,689.90051,1.51762,Candidate
TOI-761.02,836,1.83209,1.36170,374.09993,1.42301,,2.42485,0.02512,0.63000,0.68476,4015.00000,-0.95949,8.97700,173.97166,1010.83322,3.41256,Candidate
TOI-5177.01,837,2.20859,1.88340,151.00000,3.99200,,4.20574,0.03507,1.18000,1.68027,6183.00000,0.57025,8.05400,3022.00529,2063.63879,4.34728,Candidate
TOI-6276.03,838,7.87087,1.03149,190.79474,1.63559,,1.08607,0.07004,0.74000,0.63072,4633.87000,-0.78186,5.10100,33.68261,670.51933,3.21161,Candidate
TOI-238 b,839,1.27311,1.61200,390.00000,1.44000,3.40000,,0.02120,0.78800,0.75000,5080.00000,-0.47237,8.59800,747.65000,1456.46297,6.33396,Confirmed
TOI-2266 b,840,2.32632,1.54000,4153.61440,0.98000,,2.98825,0.02000,0.23000,0.24000,3200.00000,-2.16716,11.01700,13.00000,565.26862,4.38897,Confirmed
Wolf 327 b,841,0.57347,1.24000,818.39030,0.90045,2.53000,,0.01000,0.40500,0.40600,3542.00000,-1.62986,8.43500,233.90000,1089.16801,13.10459,Confirmed
TOI-2322.01,844,20.22549,1.90902,712.14897,2.27200,,4.30334,0.12899,0.70000,0.69755,4465.00000,-0.75887,8.36900,10.47090,500.67497,1.10094,Candidate
TOI-6899.01,845,2.86259,1.17801,150.70076,2.66394,,1.74826,0.03906,0.97000,0.93048,5503.00000,-0.14550,8.32000,468.91891,1295.19248,2.05533,Candidate
TOI-6901.01,846,3.27279,1.45411,450.92355,1.70342,,2.71083,0.03867,0.72000,0.68788,4550.00000,-0.73823,9.00000,122.21025,925.41554,2.87978,Candidate
TOI-1347 b,847,0.84742,1.80000,424.39330,0.87696,11.10000,,0.01710,0.91300,0.83000,5464.00000,-0.25964,9.61600,1876.13150,1832.95508,5.74992,Confirmed
TOI-1347 c,848,4.84196,1.60000,318.66380,2.24288,,3.18859,0.05460,0.91300,0.83000,5464.00000,-0.25964,9.61600,183.66420,1025.77842,1.53359,Confirmed
TOI-5799 b,849,4.16466,1.85800,2612.23970,1.50530,,4.10989,0.03490,0.32700,0.34300,3514.00000,-1.82974,8.95200,13.35000,519.64403,4.76441,Confirmed
TOI-2068 b,850,7.76891,1.82100,970.00000,2.06000,,3.97190,0.06320,0.55900,0.53500,3710.00000,-1.31069,9.00700,12.23000,520.62958,1.61898,Confirmed
GJ 9827 d,851,6.20183,1.98000,957.00000,1.22640,3.02000,,0.05300,0.60600,0.60200,4236.00000,-1.00436,7.19300,34.90000,678.15965,7.08712,Confirmed
HD 25463 c,852,3.04405,1.36355,82.73500,1.35145,4.30000,,0.04430,1.25100,1.41820,6337.87000,0.47142,5.70600,1413.50000,1734.65461,5.23046,Confirmed
LHS 1678 d,853,4.96522,0.98100,633.05810,1.00000,,0.90727,0.04000,0.34500,0.32900,3490.00000,-1.83863,8.26400,9.10000,482.91688,1.22895,Confirmed
TOI-1450 A b,854,2.04393,1.13000,465.19300,0.98800,1.25800,,0.02468,0.48000,0.48300,3437.00000,-1.56499,7.56500,44.94930,719.69269,4.45231,Confirmed
TOI-260 b,855,13.47585,1.71000,708.94620,2.37000,4.23000,,0.09430,0.61600,0.60700,4026.00000,-1.05899,6.54900,10.18380,492.67047,2.71868,Confirmed
TOI-771 b,856,2.32602,1.42200,2890.00000,1.01000,,2.60998,0.02070,0.22000,0.24200,3201.00000,-2.25964,9.66400,12.86000,526.82297,4.50089,Confirmed
TOI-6255 b,857,0.23818,1.07900,493.97640,0.47635,1.44000,,0.00531,0.35300,0.37000,3421.00000,-1.77344,8.07100,588.99440,1375.51159,15.17356,Confirmed
TOI-1467 b,858,5.97115,1.92000,1437.10860,1.57840,,4.34543,0.05075,0.48900,0.49100,3834.00000,-1.42022,8.56800,18.13000,545.50083,3.29977,Confirmed
TOI-286 b,859,4.51172,1.42000,313.00000,2.04000,4.53000,,0.05030,0.83200,0.78000,5152.00000,-0.41364,7.85100,86.76810,978.06087,3.29360,Confirmed
TOI-1799 b,861,7.09457,1.64200,284.23810,2.57040,4.00000,,0.07250,0.94060,0.95360,5698.00000,-0.06309,7.38100,164.26000,996.81000,3.43105,Confirmed
TOI-663 d,862,7.10273,1.92000,1317.71580,2.75427,,4.34543,0.05760,0.51400,0.51200,3681.00000,-1.37033,9.60700,12.90000,526.94603,1.75689,Confirmed
SPECULOOS-3 b,863,0.71913,0.97700,5291.00000,0.45600,,0.89408,0.00733,0.10090,0.12300,2800.00000,-3.07831,10.54100,15.54000,552.62483,7.74762,Confirmed
GJ 238 b,864,1.74470,0.56600,160.00000,1.23900,,0.12637,0.02123,0.41930,0.43140,3485.00000,-1.61618,7.03000,107.26200,753.42475,2.16876,Confirmed
TOI-5720 b,865,1.43446,1.09000,725.00000,1.02000,,1.32356,0.01829,0.38300,0.38300,3325.00000,-1.79183,9.28800,41.70000,733.70127,3.44860,Confirmed
TOI-6008 b,866,0.85743,1.03000,1517.00000,0.65000,,1.08046,0.01078,0.23000,0.24200,3075.00000,-2.32873,9.54100,41.50000,701.66278,6.32635,Confirmed
TOI-6086 b,867,1.38887,1.18000,1531.00000,0.70000,,1.75890,0.01541,0.25400,0.25900,3200.00000,-2.19791,9.98900,26.80000,632.67556,3.67655,Confirmed
TOI-871 b,868,14.36257,1.66400,450.00000,4.03200,,3.40815,0.10540,0.75800,0.71900,4929.00000,-0.56004,8.38000,24.78000,621.05430,1.24331,Confirmed
TOI-1739 b,869,8.30334,1.94600,430.00000,1.87080,,4.44581,0.07387,0.78000,0.78100,4814.00000,-0.52433,8.38800,53.91000,757.24681,2.10713,Confirmed
TOI-4559 b,870,3.96599,1.41500,1200.00000,1.39000,,2.58821,0.03590,0.39200,0.37400,3558.00000,-1.69250,8.61900,15.77000,554.48226,3.12645,Confirmed
TOI-1776 b,871,2.79987,1.21613,204.85530,1.93169,1.40000,,0.03780,0.91960,0.93560,5785.00000,-0.05306,6.68700,560.33490,1388.50989,6.32734,Confirmed
TOI-133.01,873,8.19954,1.92262,903.36944,2.11683,,4.35550,0.06963,0.67000,0.65053,4281.00000,-0.89259,8.12200,26.40987,630.95945,3.50052,Candidate
TOI-1218.01,874,13.77383,1.89719,338.21662,2.99924,,4.25816,0.11055,0.95000,1.01825,5455.96000,-0.08211,9.31000,67.73129,798.46746,1.06562,Candidate
TOI-5159.02,877,3.64695,1.03015,145.18542,2.46527,,1.08101,0.04477,0.90000,0.85408,5259.00000,-0.29869,7.46800,250.81959,1107.64410,2.29839,Candidate
TOI-5489.02,878,4.92128,1.27839,884.57923,1.40725,,2.17840,0.04204,0.40938,0.41596,3547.00000,-1.60776,9.46300,13.95871,537.98631,1.41864,Candidate
TOI-6965.01,879,5.96934,1.34736,105.54242,3.44104,,2.38168,0.06668,1.11000,1.12993,6007.00000,0.17543,5.46700,336.84688,1192.38914,4.14181,Candidate
TOI-6965.02,880,28.06939,1.62213,154.30082,6.03938,,3.26385,0.18716,1.11000,1.12993,6007.00000,0.17543,5.46700,42.75861,711.73080,1.89631,Candidate
TOI-6978.01,881,9.12581,0.97048,169.72182,3.17301,,0.87288,0.07799,0.76000,0.75071,4747.13000,-0.58864,6.06800,42.38825,710.18458,2.08104,Candidate
TOI-7030.01,882,2.56045,1.59397,423.00000,1.33900,,3.16821,0.03328,0.75000,0.76645,4679.00000,-0.59572,8.02700,229.05436,1082.79071,5.69558,Candidate
TOI-7033.01,883,0.73128,1.74034,322.00000,1.28900,,3.67783,0.01572,0.97000,0.97444,5508.00000,-0.10382,9.03300,3184.29485,2090.80340,6.89611,Candidate
TOI-7043.01,884,17.38401,1.69830,561.00000,3.93200,,3.52827,0.12633,0.89000,0.82196,5228.25000,-0.34218,7.85700,28.49796,643.07753,2.03601,Candidate
TOI-7052.01,885,2.88620,1.71858,412.00000,0.48700,,3.60011,0.03471,0.67000,0.63980,4269.00000,-0.91191,7.14400,101.63897,883.74087,6.03034,Candidate
TOI-7063.01,886,3.75705,1.40840,340.00000,1.93800,,2.56773,0.04567,0.90000,0.82625,5263.00000,-0.32615,7.71000,226.29776,1079.51813,4.56913,Candidate
G 9-40 b,888,5.74600,1.90000,3650.00000,1.69300,4.00000,,0.04180,0.29520,0.30260,3395.00000,-1.96019,9.19000,6.27000,440.47802,3.35878,Confirmed
TOI-1763.01,891,3.79787,1.92961,1501.08250,1.06370,,4.38240,0.03706,0.47061,0.47287,3520.00000,-1.50965,10.53800,22.52362,606.34450,2.17482,Candidate
TOI-5532.02,892,2.39298,1.69290,570.98654,1.69343,,3.50927,0.03011,0.63608,0.66205,3975.00000,-1.00617,9.52700,108.73093,898.76914,3.16901,Candidate
TOI-807.01,894,5.27026,1.67765,511.61418,2.01867,,3.45574,0.05361,0.74000,0.69307,4662.00000,-0.68946,9.60200,71.13230,808.30746,1.75433,Candidate
TOI-1782.02,896,1.82902,1.83900,704.84940,1.54410,,4.03879,0.02574,0.68000,0.66900,4336.00000,-0.84649,9.55200,214.17000,1065.71614,4.99965,Confirmed
TOI-5949.02,899,3.37514,0.97446,172.00000,1.85100,,0.88578,0.04138,0.83000,0.77980,4996.00000,-0.46685,7.71900,199.29388,1045.76324,2.29668,Candidate
TOI-406 c,900,3.30744,1.32000,1060.57160,1.05000,2.08000,,0.03220,0.40800,0.41000,3392.00000,-1.71444,8.84800,19.00000,578.12526,3.02808,Confirmed
TOI-7184.01,901,1.19766,1.53213,303.00000,1.25700,,2.96237,0.02200,0.99000,0.90787,5598.93000,-0.13683,8.64100,1508.06251,1734.46170,5.73054,Candidate
HD 101581 c,902,6.20401,0.99000,230.90410,1.76000,,0.93746,0.05730,0.65300,0.63000,4675.00000,-0.78186,5.10100,52.00000,741.34023,5.04364,Confirmed
HD 101581 b,903,4.46569,0.95600,186.76070,1.77000,,0.82709,0.04600,0.65300,0.63000,4675.00000,-0.78186,5.10100,80.00000,827.40085,5.36674,Confirmed
EPIC 249391469.01,904,1.07500,1.90623,950.00000,,,4.29265,0.01429,0.33700,0.56700,3503.00000,-1.36038,10.55400,213.52257,1063.94904,5.54719,Candidate
GJ 341 b,907,7.57686,0.88000,289.00000,2.23000,,0.61463,0.05911,0.48000,0.50660,3770.00000,-1.31072,5.58700,13.80000,538.31935,2.55922,Confirmed
TOI-7333.01,909,6.26447,1.85913,780.00000,2.50800,,4.11413,0.05964,0.72100,0.66607,4568.00000,-0.75937,10.47200,48.93487,736.14691,1.45056,Candidate
TOI-7336.01,910,0.54186,0.91873,120.00000,0.77600,,0.71722,0.01217,0.82000,0.76586,4954.00000,-0.49718,7.34200,2147.25483,1894.65777,5.48153,Candidate
TOI-512 b,911,7.18886,1.54000,246.00000,3.31000,3.57000,,0.06594,0.74000,0.89000,5277.00000,-0.25696,7.79700,127.00000,934.88457,2.33760,Confirmed
KOI-1843.03,912,0.17689,0.61000,150.00000,0.65000,,0.16526,0.00500,0.46000,0.45000,3584.00000,-1.32683,11.05600,1884.64689,1833.86506,1.76358,Confirmed
TOI-1453 b,914,4.31352,1.17300,264.00000,1.99800,,1.72178,0.04637,0.71500,0.72000,4975.00000,-0.57539,8.68600,132.60000,928.07005,1.75912,Confirmed
EPIC 246313886.01,916,1.82700,0.99000,350.00000,,,0.93746,0.01870,0.52300,0.50300,3949.00000,-1.25622,11.42700,158.52436,987.60636,1.00435,Candidate
TOI-7382.01,917,1.03703,1.60182,304.12287,1.51861,,3.19475,0.01899,0.85000,0.92238,5075.00000,-0.29374,8.38800,1409.42448,1705.37672,7.07172,Candidate
EPIC 246331418.01,918,3.35000,0.97000,630.00000,,,0.87134,0.02660,0.27600,0.42700,4408.00000,-1.20748,11.57100,87.65032,851.62472,1.05888,Candidate
EPIC 211428897.03,919,4.96792,0.75000,572.00000,1.29600,,0.34657,0.03629,0.40228,0.29900,3511.00000,-1.63886,9.62400,12.97888,568.77531,1.03678,Candidate
